0 0.0 0.0 0 0
1 2500.0 2500.0 0 1
2 298.0 298.0 0 1
3 495.0 495.0 0 1
4 966.0 966.0 0 1
5 1264.0 1264.0 0 2
6 1461.0 1461.0 0 2
7 1661.0 1661.0 0 2
8 2798.0 2798.0 0 2
9 2798.0 2798.0 0 2
10 2995.0 2995.0 0 2
11 3466.0 3466.0 0 2
12 546.0 546.0 0 2
13 793.0 793.0 0 2
14 945.0 945.0 0 2
15 1041.0 1041.0 0 3
16 1243.0 1243.0 0 3
17 1512.0 1512.0 0 3
18 1759.0 1759.0 0 3
19 1911.0 1911.0 0 3
20 1959.0 1959.0 0 3
21 2156.0 2156.0 0 3
22 3046.0 3046.0 0 3
23 3096.0 3096.0 0 3
24 3293.0 3293.0 0 3
25 3293.0 3293.0 0 3
26 3445.0 3445.0 0 3
27 3764.0 3764.0 0 3
28 3764.0 3764.0 0 3
29 3961.0 3961.0 0 3
30 4161.0 4161.0 0 3
31 1491.0 1491.0 0 4
32 2007.0 2007.0 0 4
33 2207.0 2207.0 0 4
34 2209.0 2209.0 0 4
35 2454.0 2454.0 0 4
36 2606.0 2606.0 0 4
37 3344.0 3344.0 0 4
38 3541.0 3541.0 0 4
39 3591.0 3591.0 0 4
40 3743.0 3743.0 0 4
41 3743.0 3743.0 0 4
42 4012.0 4012.0 0 4
43 4062.0 4062.0 0 4
44 4259.0 4259.0 0 4
45 4259.0 4259.0 0 4
46 4411.0 4411.0 0 4
47 4459.0 4459.0 0 4
48 4459.0 4459.0 0 4
49 4656.0 4656.0 0 4
50 2457.0 2457.0 0 5
51 2702.0 2702.0 0 5
52 2904.0 2904.0 0 5
53 3839.0 3839.0 0 5
54 3991.0 3991.0 0 5
55 4041.0 4041.0 0 5
56 4310.0 4310.0 0 5
57 4507.0 4507.0 0 5
58 4557.0 4557.0 0 5
59 4707.0 4707.0 0 5
60 4709.0 4709.0 0 5
61 4709.0 4709.0 0 5
62 4757.0 4757.0 0 5
63 4954.0 4954.0 0 5
64 4954.0 4954.0 0 5
65 5106.0 5106.0 0 5
66 3152.0 3152.0 0 6
67 4289.0 4289.0 0 6
68 4805.0 4805.0 0 6
69 4957.0 4957.0 0 6
70 5005.0 5005.0 0 6
71 5007.0 5007.0 0 6
72 5202.0 5202.0 0 6
73 5252.0 5252.0 0 6
74 5404.0 5404.0 0 6
75 5404.0 5404.0 0 6
76 5255.0 5255.0 0 7
77 5500.0 5500.0 0 7
78 5652.0 5652.0 0 7
79 5702.0 5702.0 0 7
80 5950.0 5950.0 0 8
