0.0                 0.0              0              1                      0          
198.0               198.0            0              1                      1          
316.0               316.0            0              1                      2          
69.9                69.9             0              1                      1          
267.9               267.9            0              1                      2          
385.9               385.9            0              1                      3          
139.8               139.8            0              1                      2          
337.8               337.8            0              1                      3          
455.8               455.8            0              1                      4          
98.0                98.0             0              1                      1          
296.0               296.0            0              1                      2          
414.0               414.0            0              1                      3          
167.9               167.9            0              1                      2          
365.9               365.9            0              1                      3          
483.9               483.9            0              1                      4          
237.8               237.8            0              1                      3          
435.8               435.8            0              1                      4          
553.8               553.8            0              1                      5          
196.0               196.0            0              1                      2          
394.0               394.0            0              1                      3          
512.0               512.0            0              1                      4          
265.9               265.9            0              1                      3          
463.9               463.9            0              1                      4          
581.9               581.9            0              1                      5          
335.8               335.8            0              1                      4          
533.8               533.8            0              1                      5          
651.8               651.8            0              1                      6          
79.9                79.9             0              1                      1          
277.9               277.9            0              1                      2          
395.9               395.9            0              1                      3          
149.8               149.8            0              1                      2          
347.8               347.8            0              1                      3          
465.8               465.8            0              1                      4          
219.7               219.7            0              1                      3          
417.7               417.7            0              1                      4          
535.7               535.7            0              1                      5          
177.9               177.9            0              1                      2          
375.9               375.9            0              1                      3          
493.9               493.9            0              1                      4          
247.8               247.8            0              1                      3          
445.8               445.8            0              1                      4          
563.8               563.8            0              1                      5          
317.7               317.7            0              1                      4          
515.7               515.7            0              1                      5          
633.7               633.7            0              1                      6          
275.9               275.9            0              1                      3          
473.9               473.9            0              1                      4          
591.9               591.9            0              1                      5          
345.8               345.8            0              1                      4          
543.8               543.8            0              1                      5          
661.8               661.8            0              1                      6          
415.7               415.7            0              1                      5          
613.7               613.7            0              1                      6          
731.7               731.7            0              1                      7          
149.8               149.8            0              1                      2          
347.8               347.8            0              1                      3          
465.8               465.8            0              1                      4          
219.7               219.7            0              1                      3          
417.7               417.7            0              1                      4          
535.7               535.7            0              1                      5          
289.6               289.6            0              1                      4          
487.6               487.6            0              1                      5          
605.6               605.6            0              1                      6          
247.8               247.8            0              1                      3          
445.8               445.8            0              1                      4          
563.8               563.8            0              1                      5          
317.7               317.7            0              1                      4          
515.7               515.7            0              1                      5          
633.7               633.7            0              1                      6          
387.6               387.6            0              1                      5          
585.6               585.6            0              1                      6          
703.6               703.6            0              1                      7          
345.8               345.8            0              1                      4          
543.8               543.8            0              1                      5          
661.8               661.8            0              1                      6          
415.7               415.7            0              1                      5          
613.7               613.7            0              1                      6          
731.7               731.7            0              1                      7          
485.6               485.6            0              1                      6          
683.6               683.6            0              1                      7          
801.6               801.6            0              1                      8          
