0.0                 0.0              0              0                      0          
59.9                29.9             0              0                      1          
119.8               59.8             0              0                      2          
39.9                19.95            0              0                      1          
99.8                49.85            0              0                      2          
159.7               79.75            0              0                      3          
109.8               54.9             0              0                      2          
169.7               84.8             0              0                      3          
229.6               114.7            0              0                      4          
34.9                34.9             0              0                      1          
94.8                64.8             0              0                      2          
154.7               94.7             0              0                      3          
74.8                54.85            0              0                      2          
134.7               84.75            0              0                      3          
194.6               114.65           0              0                      4          
144.7               89.8             0              0                      3          
204.6               119.7            0              0                      4          
264.5               149.6            0              0                      5          
69.8                69.8             0              0                      2          
129.7               99.7             0              0                      3          
189.6               129.6            0              0                      4          
109.7               89.75            0              0                      3          
169.6               119.65           0              0                      4          
229.5               149.55           0              0                      5          
179.6               124.7            0              0                      4          
239.5               154.6            0              0                      5          
299.4               184.5            0              0                      6          
29.9                29.9             0              0                      1          
89.8                59.8             0              0                      2          
149.7               89.7             0              0                      3          
69.8                49.85            0              0                      2          
129.7               79.75            0              0                      3          
189.6               109.65           0              0                      4          
139.7               84.8             0              0                      3          
199.6               114.7            0              0                      4          
259.5               144.6            0              0                      5          
64.8                64.8             0              0                      2          
124.7               94.7             0              0                      3          
184.6               124.6            0              0                      4          
104.7               84.75            0              0                      3          
164.6               114.65           0              0                      4          
224.5               144.55           0              0                      5          
174.6               119.7            0              0                      4          
234.5               149.6            0              0                      5          
294.4               179.5            0              0                      6          
99.7                99.7             0              0                      3          
159.6               129.6            0              0                      4          
219.5               159.5            0              0                      5          
139.6               119.65           0              0                      4          
199.5               149.55           0              0                      5          
259.4               179.45           0              0                      6          
209.5               154.6            0              0                      5          
269.4               184.5            0              0                      6          
329.3               214.4            0              0                      7          
59.8                59.8             0              0                      2          
119.7               89.7             0              0                      3          
179.6               119.6            0              0                      4          
99.7                79.75            0              0                      3          
159.6               109.65           0              0                      4          
219.5               139.55           0              0                      5          
169.6               114.7            0              0                      4          
229.5               144.6            0              0                      5          
289.4               174.5            0              0                      6          
94.7                94.7             0              0                      3          
154.6               124.6            0              0                      4          
214.5               154.5            0              0                      5          
134.6               114.65           0              0                      4          
194.5               144.55           0              0                      5          
254.4               174.45           0              0                      6          
204.5               149.6            0              0                      5          
264.4               179.5            0              0                      6          
324.3               209.4            0              0                      7          
129.6               129.6            0              0                      4          
189.5               159.5            0              0                      5          
249.4               189.4            0              0                      6          
169.5               149.55           0              0                      5          
229.4               179.45           0              0                      6          
289.3               209.35           0              0                      7          
239.4               184.5            0              0                      6          
299.3               214.4            0              0                      7          
359.2               244.3            0              0                      8          
