0 0.0 0.0 0 0
1 24.5 7.99 67.3603 1
2 49.5 24.99 49.5052 1
3 59.5 39.99 32.7844 1
4 89.5 29.99 66.4842 1
5 109.0 54.98 49.5551 2
6 109.0 64.98 40.3816 2
7 114.0 37.98 66.6784 2
8 139.0 54.98 60.4417 2
9 149.0 69.98 53.03 2
10 149.0 84.98 42.9636 2
11 179.0 59.98 66.4879 2
12 49.0 17.98 63.2932 2
13 74.0 32.98 55.4249 2
14 84.0 47.98 42.8758 2
15 108.5 57.97 46.5671 3
16 133.5 62.97 52.8275 3
17 133.5 72.97 45.3374 3
18 138.5 47.97 65.3599 3
19 163.5 62.97 61.4825 3
20 168.5 94.97 43.6354 3
21 173.5 77.97 55.0573 3
22 173.5 92.97 46.4123 3
23 198.5 109.97 44.5972 3
24 198.5 84.97 57.1911 3
25 198.5 94.97 52.1535 3
26 203.5 67.97 66.5962 3
27 228.5 84.97 62.8113 3
28 238.5 114.97 51.7924 3
29 238.5 99.97 58.0814 3
30 98.5 42.97 56.3699 3
31 158.0 72.96 53.8194 4
32 158.0 82.96 47.4907 4
33 188.0 72.96 61.1882 4
34 193.0 102.96 46.6504 4
35 198.0 102.96 47.9976 4
36 198.0 87.96 55.573 4
37 223.0 102.96 53.8272 4
38 223.0 117.96 47.101 4
39 223.0 92.96 58.3113 4
40 228.0 77.96 65.8041 4
41 253.0 92.96 63.2544 4
42 258.0 124.96 51.5639 4
43 258.0 139.96 45.7502 4
44 263.0 107.96 58.9483 4
45 263.0 122.96 53.2451 4
46 288.0 114.96 60.0812 4
47 288.0 124.96 56.6091 4
48 288.0 139.96 51.401 4
49 328.0 144.96 55.8032 4
50 217.5 112.95 48.0668 5
51 247.5 102.95 58.4017 5
52 247.5 112.95 54.3614 5
53 247.5 127.95 48.3011 5
54 277.5 102.95 62.8986 5
55 282.5 132.95 52.9362 5
56 282.5 147.95 47.6266 5
57 287.5 117.95 58.9719 5
58 287.5 132.95 53.7547 5
59 312.5 122.95 60.6541 5
60 312.5 132.95 57.4542 5
61 312.5 147.95 52.6543 5
62 347.5 154.95 55.4085 5
63 347.5 169.95 51.0921 5
64 352.5 152.95 56.6083 5
65 377.5 169.95 54.9787 5
66 307.0 142.94 53.438 6
67 307.0 157.94 48.5522 6
68 337.0 132.94 60.5501 6
69 337.0 142.94 57.5829 6
70 337.0 157.94 53.132 6
71 372.0 162.94 56.1974 6
72 372.0 177.94 52.1653 6
73 377.0 162.94 56.7783 6
74 402.0 177.94 55.7349 6
75 437.0 199.94 54.2459 6
76 396.5 172.93 56.3845 7
77 396.5 187.93 52.6014 7
78 426.5 187.93 55.9354 7
79 461.5 207.93 54.9436 7
80 486.0 217.92 55.1594 8
