0.0                 0.0              0              2                      0          
72.5                72.5             0              2                      1          
278.5               217.48           0              2                      2          
110.0               110.0            0              2                      1          
182.5               182.5            0              2                      2          
388.5               327.48           0              2                      3          
368.0               329.99           0              2                      2          
440.5               402.49           0              2                      3          
646.5               547.47           0              2                      4          
98.0                98.0             0              2                      1          
170.5               170.5            0              2                      2          
376.5               315.48           0              2                      3          
208.0               208.0            0              2                      2          
280.5               280.5            0              2                      3          
486.5               425.48           0              2                      4          
466.0               427.99           0              2                      3          
538.5               500.49           0              2                      4          
744.5               645.47           0              2                      5          
294.0               294.0            0              2                      2          
366.5               366.5            0              2                      3          
572.5               511.48           0              2                      4          
404.0               404.0            0              2                      3          
476.5               476.5            0              2                      4          
682.5               621.48           0              2                      5          
662.0               623.99           0              2                      4          
734.5               696.49           0              2                      5          
940.5               841.47           0              2                      6          
118.0               59.99            0              2                      1          
190.5               132.49           0              2                      2          
396.5               277.47           0              2                      3          
228.0               169.99           0              2                      2          
300.5               242.49           0              2                      3          
506.5               387.47           0              2                      4          
486.0               389.98           0              2                      3          
558.5               462.48           0              2                      4          
764.5               607.46           0              2                      5          
216.0               157.99           0              2                      2          
288.5               230.49           0              2                      3          
494.5               375.47           0              2                      4          
326.0               267.99           0              2                      3          
398.5               340.49           0              2                      4          
604.5               485.47           0              2                      5          
584.0               487.98           0              2                      4          
656.5               560.48           0              2                      5          
862.5               705.46           0              2                      6          
412.0               353.99           0              2                      3          
484.5               426.49           0              2                      4          
690.5               571.47           0              2                      5          
522.0               463.99           0              2                      4          
594.5               536.49           0              2                      5          
800.5               681.47           0              2                      6          
780.0               683.98           0              2                      5          
852.5               756.48           0              2                      6          
1058.5              901.46           0              2                      7          
282.5               179.97           0              2                      2          
355.0               252.47           0              2                      3          
561.0               397.45           0              2                      4          
392.5               289.97           0              2                      3          
465.0               362.47           0              2                      4          
671.0               507.45           0              2                      5          
650.5               509.96           0              2                      4          
723.0               582.46           0              2                      5          
929.0               727.44           0              2                      6          
380.5               277.97           0              2                      3          
453.0               350.47           0              2                      4          
659.0               495.45           0              2                      5          
490.5               387.97           0              2                      4          
563.0               460.47           0              2                      5          
769.0               605.45           0              2                      6          
748.5               607.96           0              2                      5          
821.0               680.46           0              2                      6          
1027.0              825.44           0              2                      7          
576.5               473.97           0              2                      4          
649.0               546.47           0              2                      5          
855.0               691.45           0              2                      6          
686.5               583.97           0              2                      5          
759.0               656.47           0              2                      6          
965.0               801.45           0              2                      7          
944.5               803.96           0              2                      6          
1017.0              876.46           0              2                      7          
1223.0              1021.44          0              2                      8          
