0.0                 0.0              0              1                      0          
966.0               966.0            0              1                      1          
1661.0              1661.0           0              1                      2          
2500.0              2500.0           0              1                      1          
3466.0              3466.0           0              1                      2          
4161.0              4161.0           0              1                      3          
2798.0              2798.0           0              1                      2          
3764.0              3764.0           0              1                      3          
4459.0              4459.0           0              1                      4          
298.0               298.0            0              1                      1          
1264.0              1264.0           0              1                      2          
1959.0              1959.0           0              1                      3          
2798.0              2798.0           0              1                      2          
3764.0              3764.0           0              1                      3          
4459.0              4459.0           0              1                      4          
3096.0              3096.0           0              1                      3          
4062.0              4062.0           0              1                      4          
4757.0              4757.0           0              1                      5          
546.0               546.0            0              1                      2          
1512.0              1512.0           0              1                      3          
2207.0              2207.0           0              1                      4          
3046.0              3046.0           0              1                      3          
4012.0              4012.0           0              1                      4          
4707.0              4707.0           0              1                      5          
3344.0              3344.0           0              1                      4          
4310.0              4310.0           0              1                      5          
5005.0              5005.0           0              1                      6          
495.0               495.0            0              1                      1          
1461.0              1461.0           0              1                      2          
2156.0              2156.0           0              1                      3          
2995.0              2995.0           0              1                      2          
3961.0              3961.0           0              1                      3          
4656.0              4656.0           0              1                      4          
3293.0              3293.0           0              1                      3          
4259.0              4259.0           0              1                      4          
4954.0              4954.0           0              1                      5          
793.0               793.0            0              1                      2          
1759.0              1759.0           0              1                      3          
2454.0              2454.0           0              1                      4          
3293.0              3293.0           0              1                      3          
4259.0              4259.0           0              1                      4          
4954.0              4954.0           0              1                      5          
3591.0              3591.0           0              1                      4          
4557.0              4557.0           0              1                      5          
5252.0              5252.0           0              1                      6          
1041.0              1041.0           0              1                      3          
2007.0              2007.0           0              1                      4          
2702.0              2702.0           0              1                      5          
3541.0              3541.0           0              1                      4          
4507.0              4507.0           0              1                      5          
5202.0              5202.0           0              1                      6          
3839.0              3839.0           0              1                      5          
4805.0              4805.0           0              1                      6          
5500.0              5500.0           0              1                      7          
945.0               945.0            0              1                      2          
1911.0              1911.0           0              1                      3          
2606.0              2606.0           0              1                      4          
3445.0              3445.0           0              1                      3          
4411.0              4411.0           0              1                      4          
5106.0              5106.0           0              1                      5          
3743.0              3743.0           0              1                      4          
4709.0              4709.0           0              1                      5          
5404.0              5404.0           0              1                      6          
1243.0              1243.0           0              1                      3          
2209.0              2209.0           0              1                      4          
2904.0              2904.0           0              1                      5          
3743.0              3743.0           0              1                      4          
4709.0              4709.0           0              1                      5          
5404.0              5404.0           0              1                      6          
4041.0              4041.0           0              1                      5          
5007.0              5007.0           0              1                      6          
5702.0              5702.0           0              1                      7          
1491.0              1491.0           0              1                      4          
2457.0              2457.0           0              1                      5          
3152.0              3152.0           0              1                      6          
3991.0              3991.0           0              1                      5          
4957.0              4957.0           0              1                      6          
5652.0              5652.0           0              1                      7          
4289.0              4289.0           0              1                      6          
5255.0              5255.0           0              1                      7          
5950.0              5950.0           0              1                      8          
