0 0.0 0.0 0 0
1 198.0 198.0 0 1
2 69.9 69.9 0 1
3 79.9 79.9 0 1
4 98.0 98.0 0 1
5 139.8 139.8 0 2
6 149.8 149.8 0 2
7 149.8 149.8 0 2
8 167.9 167.9 0 2
9 177.9 177.9 0 2
10 196.0 196.0 0 2
11 267.9 267.9 0 2
12 277.9 277.9 0 2
13 296.0 296.0 0 2
14 316.0 316.0 0 2
15 219.7 219.7 0 3
16 219.7 219.7 0 3
17 237.8 237.8 0 3
18 247.8 247.8 0 3
19 247.8 247.8 0 3
20 265.9 265.9 0 3
21 275.9 275.9 0 3
22 337.8 337.8 0 3
23 347.8 347.8 0 3
24 347.8 347.8 0 3
25 365.9 365.9 0 3
26 375.9 375.9 0 3
27 385.9 385.9 0 3
28 394.0 394.0 0 3
29 395.9 395.9 0 3
30 414.0 414.0 0 3
31 289.6 289.6 0 4
32 317.7 317.7 0 4
33 317.7 317.7 0 4
34 335.8 335.8 0 4
35 345.8 345.8 0 4
36 345.8 345.8 0 4
37 417.7 417.7 0 4
38 417.7 417.7 0 4
39 435.8 435.8 0 4
40 445.8 445.8 0 4
41 445.8 445.8 0 4
42 455.8 455.8 0 4
43 463.9 463.9 0 4
44 465.8 465.8 0 4
45 465.8 465.8 0 4
46 473.9 473.9 0 4
47 483.9 483.9 0 4
48 493.9 493.9 0 4
49 512.0 512.0 0 4
50 387.6 387.6 0 5
51 415.7 415.7 0 5
52 415.7 415.7 0 5
53 487.6 487.6 0 5
54 515.7 515.7 0 5
55 515.7 515.7 0 5
56 533.8 533.8 0 5
57 535.7 535.7 0 5
58 535.7 535.7 0 5
59 543.8 543.8 0 5
60 543.8 543.8 0 5
61 553.8 553.8 0 5
62 563.8 563.8 0 5
63 563.8 563.8 0 5
64 581.9 581.9 0 5
65 591.9 591.9 0 5
66 485.6 485.6 0 6
67 585.6 585.6 0 6
68 605.6 605.6 0 6
69 613.7 613.7 0 6
70 613.7 613.7 0 6
71 633.7 633.7 0 6
72 633.7 633.7 0 6
73 651.8 651.8 0 6
74 661.8 661.8 0 6
75 661.8 661.8 0 6
76 683.6 683.6 0 7
77 703.6 703.6 0 7
78 731.7 731.7 0 7
79 731.7 731.7 0 7
80 801.6 801.6 0 8
