0.0                 0.0              0              0                      0          
39.5                24.99            0              0                      1          
101.5               49.98            0              0                      2          
128.0               49.99            0              0                      1          
167.5               74.98            0              0                      2          
229.5               99.97            0              0                      3          
197.5               109.49           0              0                      2          
237.0               134.48           0              0                      3          
299.0               159.47           0              0                      4          
75.0                39.99            0              0                      1          
114.5               64.98            0              0                      2          
176.5               89.97            0              0                      3          
203.0               89.98            0              0                      2          
242.5               114.97           0              0                      3          
304.5               139.96           0              0                      4          
272.5               149.48           0              0                      3          
312.0               174.47           0              0                      4          
374.0               199.46           0              0                      5          
225.0               84.99            0              0                      2          
264.5               109.98           0              0                      3          
326.5               134.97           0              0                      4          
353.0               134.98           0              0                      3          
392.5               159.97           0              0                      4          
454.5               184.96           0              0                      5          
422.5               194.48           0              0                      4          
462.0               219.47           0              0                      5          
524.0               244.46           0              0                      6          
88.0                17.6             0              0                      1          
127.5               42.59            0              0                      2          
189.5               67.58            0              0                      3          
216.0               67.59            0              0                      2          
255.5               92.58            0              0                      3          
317.5               117.57           0              0                      4          
285.5               127.09           0              0                      3          
325.0               152.08           0              0                      4          
387.0               177.07           0              0                      5          
163.0               57.59            0              0                      2          
202.5               82.58            0              0                      3          
264.5               107.57           0              0                      4          
291.0               107.58           0              0                      3          
330.5               132.57           0              0                      4          
392.5               157.56           0              0                      5          
360.5               167.08           0              0                      4          
400.0               192.07           0              0                      5          
462.0               217.06           0              0                      6          
313.0               102.59           0              0                      3          
352.5               127.58           0              0                      4          
414.5               152.57           0              0                      5          
441.0               152.58           0              0                      4          
480.5               177.57           0              0                      5          
542.5               202.56           0              0                      6          
510.5               212.08           0              0                      5          
550.0               237.07           0              0                      6          
612.0               262.06           0              0                      7          
153.0               37.1             0              0                      2          
192.5               62.09            0              0                      3          
254.5               87.08            0              0                      4          
281.0               87.09            0              0                      3          
320.5               112.08           0              0                      4          
382.5               137.07           0              0                      5          
350.5               146.59           0              0                      4          
390.0               171.58           0              0                      5          
452.0               196.57           0              0                      6          
228.0               77.09            0              0                      3          
267.5               102.08           0              0                      4          
329.5               127.07           0              0                      5          
356.0               127.08           0              0                      4          
395.5               152.07           0              0                      5          
457.5               177.06           0              0                      6          
425.5               186.58           0              0                      5          
465.0               211.57           0              0                      6          
527.0               236.56           0              0                      7          
378.0               122.09           0              0                      4          
417.5               147.08           0              0                      5          
479.5               172.07           0              0                      6          
506.0               172.08           0              0                      5          
545.5               197.07           0              0                      6          
607.5               222.06           0              0                      7          
575.5               231.58           0              0                      6          
615.0               256.57           0              0                      7          
677.0               281.56           0              0                      8          
