0 0.0 0.0 0 0
1 128.0 49.99 60.9406 1
2 39.5 24.99 36.7249 1
3 75.0 39.99 46.6738 1
4 88.0 17.6 79.9909 1
5 101.5 49.98 50.7536 2
6 114.5 64.98 43.2451 2
7 127.5 42.59 66.5909 2
8 153.0 37.1 75.7467 2
9 163.0 57.59 64.6647 2
10 167.5 74.98 55.2325 2
11 197.5 109.49 44.5598 2
12 203.0 89.98 55.6721 2
13 216.0 67.59 68.7052 2
14 225.0 84.99 62.2239 2
15 176.5 89.97 49.0227 3
16 189.5 67.58 64.3343 3
17 192.5 62.09 67.7419 3
18 202.5 82.58 59.2168 3
19 228.0 77.09 66.1857 3
20 229.5 99.97 56.4376 3
21 237.0 134.48 43.2556 3
22 242.5 114.97 52.5875 3
23 255.5 92.58 63.7627 3
24 264.5 109.98 58.4175 3
25 272.5 149.48 45.1433 3
26 281.0 87.09 69.0047 3
27 285.5 127.09 55.4832 3
28 291.0 107.58 63.0288 3
29 313.0 102.59 67.2215 3
30 353.0 134.98 61.7603 3
31 254.5 87.08 65.7813 4
32 264.5 107.57 59.3286 4
33 267.5 102.08 61.8369 4
34 299.0 159.47 46.664 4
35 304.5 139.96 54.0344 4
36 312.0 174.47 44.0787 4
37 317.5 117.57 62.9681 4
38 320.5 112.08 65.0276 4
39 325.0 152.08 53.2045 4
40 326.5 134.97 58.6598 4
41 330.5 132.57 59.8862 4
42 350.5 146.59 58.1752 4
43 352.5 127.58 63.8053 4
44 356.0 127.08 64.3016 4
45 360.5 167.08 53.6518 4
46 378.0 122.09 67.6993 4
47 392.5 159.97 59.2418 4
48 422.5 194.48 53.968 4
49 441.0 152.58 65.3999 4
50 329.5 127.07 61.4336 5
51 374.0 199.46 46.6672 5
52 382.5 137.07 64.163 5
53 387.0 177.07 54.2441 5
54 390.0 171.58 56.0037 5
55 392.5 157.56 59.8558 5
56 395.5 152.07 61.5484 5
57 400.0 192.07 51.9812 5
58 414.5 152.57 63.1903 5
59 417.5 147.08 64.7697 5
60 425.5 186.58 56.1491 5
61 454.5 184.96 59.3034 5
62 462.0 219.47 52.4945 5
63 480.5 177.57 63.0434 5
64 506.0 172.08 65.9908 5
65 510.5 212.08 58.4553 5
66 452.0 196.57 56.5098 6
67 457.5 177.06 61.297 6
68 462.0 217.06 53.0162 6
69 465.0 211.57 54.4999 6
70 479.5 172.07 64.1134 6
71 524.0 244.46 53.3463 6
72 542.5 202.56 62.6606 6
73 545.5 197.07 63.8723 6
74 550.0 237.07 56.8953 6
75 575.5 231.58 59.7592 6
76 527.0 236.56 55.1109 7
77 607.5 222.06 63.4459 7
78 612.0 262.06 57.1788 7
79 615.0 256.57 58.2804 7
80 677.0 281.56 58.4098 8
