0 29.9 29.9 0
1 29.9 29.9 0
2 29.9 29.9 0
3 29.9 29.9 0
4 29.9 29.9 0
5 29.9 29.9 0
6 29.9 29.9 0
7 29.9 29.9 0
8 29.9 29.9 0
9 29.9 29.9 0
10 29.9 29.9 0
11 29.9 29.9 0
12 29.9 29.9 0
13 29.9 29.9 0
14 29.9 29.9 0
15 29.9 29.9 0
16 29.9 29.9 0
17 29.9 29.9 0
18 29.9 29.9 0
19 34.9 34.9 0
20 34.9 34.9 0
21 34.9 34.9 0
22 34.9 34.9 0
23 34.9 34.9 0
24 34.9 34.9 0
25 34.9 34.9 0
26 34.9 34.9 0
27 34.9 34.9 0
28 34.9 34.9 0
29 34.9 34.9 0
30 34.9 34.9 0
31 34.9 34.9 0
32 34.9 34.9 0
33 39.9 39.9 0
34 39.9 39.9 0
35 39.9 39.9 0
36 39.9 39.9 0
37 39.9 39.9 0
38 39.9 39.9 0
39 39.9 39.9 0
40 39.9 39.9 0
41 39.9 39.9 0
42 39.9 39.9 0
43 39.9 19.95 50
44 39.9 39.9 0
45 39.9 39.9 0
46 44.9 44.9 0
47 44.9 44.9 0
48 44.9 44.9 0
49 44.9 44.9 0
50 44.9 44.9 0
51 44.9 44.9 0
52 49.9 49.9 0
53 49.9 49.9 0
54 49.9 49.9 0
55 49.9 49.9 0
56 49.9 49.9 0
57 49.9 49.9 0
58 49.9 49.9 0
59 49.9 49.9 0
60 49.9 49.9 0
61 49.9 49.9 0
62 49.9 49.9 0
63 49.9 49.9 0
64 49.9 49.9 0
65 49.9 49.9 0
66 49.9 49.9 0
67 49.9 49.9 0
68 49.9 49.9 0
69 49.9 49.9 0
70 49.9 49.9 0
71 49.9 49.9 0
72 49.9 29.9 40.0802
73 49.9 29.9 40.0802
74 49.9 29.9 40.0802
75 49.9 49.9 0
76 49.9 49.9 0
77 49.9 29.9 40.0802
78 49.9 49.9 0
79 54.9 54.9 0
80 59.9 59.9 0
81 59.9 59.9 0
82 59.9 59.9 0
83 59.9 59.9 0
84 59.9 59.9 0
85 59.9 59.9 0
86 59.9 59.9 0
87 59.9 59.9 0
88 59.9 59.9 0
89 59.9 59.9 0
90 59.9 59.9 0
91 59.9 59.9 0
92 59.9 59.9 0
93 59.9 59.9 0
94 59.9 59.9 0
95 59.9 59.9 0
96 59.9 59.9 0
97 59.9 59.9 0
98 59.9 59.9 0
99 59.9 59.9 0
100 59.9 59.9 0
101 59.9 59.9 0
102 59.9 59.9 0
103 59.9 59.9 0
104 59.9 59.9 0
105 59.9 59.9 0
106 59.9 59.9 0
107 59.9 59.9 0
108 59.9 59.9 0
109 59.9 59.9 0
110 59.9 59.9 0
111 59.9 59.9 0
112 59.9 59.9 0
113 59.9 59.9 0
114 59.9 59.9 0
115 59.9 59.9 0
116 59.9 59.9 0
117 59.9 29.9 50.0835
118 59.9 59.9 0
119 59.9 59.9 0
120 59.9 29.9 50.0835
121 59.9 59.9 0
122 59.9 59.9 0
123 59.9 59.9 0
124 59.9 59.9 0
125 64.9 64.9 0
126 64.9 64.9 0
127 64.9 64.9 0
128 64.9 64.9 0
129 64.9 64.9 0
130 64.9 64.9 0
131 69.9 69.9 0
132 69.9 69.9 0
133 69.9 69.9 0
134 69.9 69.9 0
135 69.9 69.9 0
136 69.9 69.9 0
137 69.9 69.9 0
138 69.9 69.9 0
139 69.9 69.9 0
140 69.9 69.9 0
141 69.9 69.9 0
142 69.9 69.9 0
143 69.9 69.9 0
144 69.9 69.9 0
145 69.9 69.9 0
146 69.9 69.9 0
147 69.9 69.9 0
148 69.9 69.9 0
149 69.9 69.9 0
150 69.9 69.9 0
151 69.9 69.9 0
152 69.9 69.9 0
153 69.9 69.9 0
154 69.9 69.9 0
155 69.9 69.9 0
156 69.9 69.9 0
157 69.9 69.9 0
158 69.9 69.9 0
159 69.9 69.9 0
160 69.9 69.9 0
161 69.9 69.9 0
162 69.9 69.9 0
163 69.9 69.9 0
164 69.9 69.9 0
165 69.9 69.9 0
166 69.9 34.95 50
167 69.9 69.9 0
168 69.9 34.95 50
169 69.9 69.9 0
170 69.9 69.9 0
171 69.9 69.9 0
172 69.9 69.9 0
173 69.9 69.9 0
174 69.9 69.9 0
175 69.9 69.9 0
176 69.9 69.9 0
177 69.9 69.9 0
178 69.9 69.9 0
179 69.9 69.9 0
180 79.9 79.9 0
181 79.9 79.9 0
182 79.9 79.9 0
183 79.9 79.9 0
184 79.9 79.9 0
185 79.9 79.9 0
186 79.9 79.9 0
187 79.9 79.9 0
188 79.9 79.9 0
189 79.9 79.9 0
190 79.9 79.9 0
191 79.9 79.9 0
192 79.9 79.9 0
193 79.9 79.9 0
194 79.9 79.9 0
195 79.9 79.9 0
196 79.9 79.9 0
197 79.9 79.9 0
198 79.9 79.9 0
199 79.9 79.9 0
200 79.9 79.9 0
201 79.9 79.9 0
202 79.9 79.9 0
203 79.9 79.9 0
204 88.0 88.0 0
205 88.0 88.0 0
206 88.0 88.0 0
207 88.0 88.0 0
208 88.0 88.0 0
209 88.0 88.0 0
210 88.0 88.0 0
211 88.0 88.0 0
212 88.0 88.0 0
213 88.0 88.0 0
214 88.0 88.0 0
215 88.0 88.0 0
216 88.0 88.0 0
217 98.0 58.8 40
218 98.0 98.0 0
219 98.0 98.0 0
220 98.0 98.0 0
221 98.0 98.0 0
222 98.0 98.0 0
223 118.0 118.0 0
224 128.0 128.0 0
225 128.0 128.0 0
226 128.0 128.0 0
227 128.0 128.0 0
228 198.0 198.0 0
