0.0                 0.0              0              0                      0          
49.5                24.99            0              0                      1          
109.0               54.98            0              0                      2          
59.5                39.99            0              0                      1          
109.0               64.98            0              0                      2          
168.5               94.97            0              0                      3          
149.0               84.98            0              0                      2          
198.5               109.97           0              0                      3          
258.0               139.96           0              0                      4          
89.5                29.99            0              0                      1          
139.0               54.98            0              0                      2          
198.5               84.97            0              0                      3          
149.0               69.98            0              0                      2          
198.5               94.97            0              0                      3          
258.0               124.96           0              0                      4          
238.5               114.97           0              0                      3          
288.0               139.96           0              0                      4          
347.5               169.95           0              0                      5          
179.0               59.98            0              0                      2          
228.5               84.97            0              0                      3          
288.0               114.96           0              0                      4          
238.5               99.97            0              0                      3          
288.0               124.96           0              0                      4          
347.5               154.95           0              0                      5          
328.0               144.96           0              0                      4          
377.5               169.95           0              0                      5          
437.0               199.94           0              0                      6          
24.5                7.99             0              0                      1          
74.0                32.98            0              0                      2          
133.5               62.97            0              0                      3          
84.0                47.98            0              0                      2          
133.5               72.97            0              0                      3          
193.0               102.96           0              0                      4          
173.5               92.97            0              0                      3          
223.0               117.96           0              0                      4          
282.5               147.95           0              0                      5          
114.0               37.98            0              0                      2          
163.5               62.97            0              0                      3          
223.0               92.96            0              0                      4          
173.5               77.97            0              0                      3          
223.0               102.96           0              0                      4          
282.5               132.95           0              0                      5          
263.0               122.96           0              0                      4          
312.5               147.95           0              0                      5          
372.0               177.94           0              0                      6          
203.5               67.97            0              0                      3          
253.0               92.96            0              0                      4          
312.5               122.95           0              0                      5          
263.0               107.96           0              0                      4          
312.5               132.95           0              0                      5          
372.0               162.94           0              0                      6          
352.5               152.95           0              0                      5          
402.0               177.94           0              0                      6          
461.5               207.93           0              0                      7          
49.0                17.98            0              0                      2          
98.5                42.97            0              0                      3          
158.0               72.96            0              0                      4          
108.5               57.97            0              0                      3          
158.0               82.96            0              0                      4          
217.5               112.95           0              0                      5          
198.0               102.96           0              0                      4          
247.5               127.95           0              0                      5          
307.0               157.94           0              0                      6          
138.5               47.97            0              0                      3          
188.0               72.96            0              0                      4          
247.5               102.95           0              0                      5          
198.0               87.96            0              0                      4          
247.5               112.95           0              0                      5          
307.0               142.94           0              0                      6          
287.5               132.95           0              0                      5          
337.0               157.94           0              0                      6          
396.5               187.93           0              0                      7          
228.0               77.96            0              0                      4          
277.5               102.95           0              0                      5          
337.0               132.94           0              0                      6          
287.5               117.95           0              0                      5          
337.0               142.94           0              0                      6          
396.5               172.93           0              0                      7          
377.0               162.94           0              0                      6          
426.5               187.93           0              0                      7          
486.0               217.92           0              0                      8          
