29.9        29.9        1         
29.9        29.9        1         
29.9        29.9        1         
29.9        29.9        1         
29.9        29.9        1         
29.9        29.9        1         
29.9        29.9        1         
29.9        29.9        1         
29.9        29.9        1         
29.9        29.9        1         
29.9        29.9        1         
29.9        29.9        1         
29.9        29.9        1         
29.9        29.9        1         
29.9        29.9        1         
29.9        29.9        1         
29.9        29.9        1         
29.9        29.9        1         
29.9        29.9        1         
34.9        34.9        1         
34.9        34.9        1         
34.9        34.9        1         
34.9        34.9        1         
34.9        34.9        1         
34.9        34.9        1         
34.9        34.9        1         
34.9        34.9        1         
34.9        34.9        1         
34.9        34.9        1         
34.9        34.9        1         
34.9        34.9        1         
34.9        34.9        1         
34.9        34.9        1         
39.9        39.9        1         
39.9        39.9        1         
39.9        39.9        1         
39.9        39.9        1         
39.9        39.9        1         
39.9        39.9        1         
39.9        39.9        1         
39.9        39.9        1         
39.9        39.9        1         
39.9        39.9        1         
39.9        19.95       1         
39.9        39.9        1         
39.9        39.9        1         
44.9        44.9        1         
44.9        44.9        1         
44.9        44.9        1         
44.9        44.9        1         
44.9        44.9        1         
44.9        44.9        1         
49.9        49.9        1         
49.9        49.9        1         
49.9        49.9        1         
49.9        49.9        1         
49.9        49.9        1         
49.9        49.9        1         
49.9        49.9        1         
49.9        49.9        1         
49.9        49.9        1         
49.9        49.9        1         
49.9        49.9        1         
49.9        49.9        1         
49.9        49.9        1         
49.9        49.9        1         
49.9        49.9        1         
49.9        49.9        1         
49.9        49.9        1         
49.9        49.9        1         
49.9        49.9        1         
49.9        49.9        1         
49.9        29.9        1         
49.9        29.9        1         
49.9        29.9        1         
49.9        49.9        1         
49.9        49.9        1         
49.9        29.9        1         
49.9        49.9        1         
54.9        54.9        1         
59.9        59.9        1         
59.9        59.9        1         
59.9        59.9        1         
59.9        59.9        1         
59.9        59.9        1         
59.9        59.9        1         
59.9        59.9        1         
59.9        59.9        1         
59.9        59.9        1         
59.9        59.9        1         
59.9        59.9        1         
59.9        59.9        1         
59.9        59.9        1         
59.9        59.9        1         
59.9        59.9        1         
59.9        59.9        1         
59.9        59.9        1         
59.9        59.9        1         
59.9        59.9        1         
59.9        59.9        1         
59.9        59.9        1         
59.9        59.9        1         
59.9        59.9        1         
59.9        59.9        1         
59.9        59.9        1         
59.9        59.9        1         
59.9        59.9        1         
59.9        59.9        1         
59.9        59.9        1         
59.9        59.9        1         
59.9        59.9        1         
59.9        59.9        1         
59.9        59.9        1         
59.9        59.9        1         
59.9        59.9        1         
59.9        59.9        1         
59.9        59.9        1         
59.9        29.9        1         
59.9        59.9        1         
59.9        59.9        1         
59.9        29.9        1         
59.9        59.9        1         
59.9        59.9        1         
59.9        59.9        1         
59.9        59.9        1         
64.9        64.9        1         
64.9        64.9        1         
64.9        64.9        1         
64.9        64.9        1         
64.9        64.9        1         
64.9        64.9        1         
69.9        69.9        1         
69.9        69.9        1         
69.9        69.9        1         
69.9        69.9        1         
69.9        69.9        1         
69.9        69.9        1         
69.9        69.9        1         
69.9        69.9        1         
69.9        69.9        1         
69.9        69.9        1         
69.9        69.9        1         
69.9        69.9        1         
69.9        69.9        1         
69.9        69.9        1         
69.9        69.9        1         
69.9        69.9        1         
69.9        69.9        1         
69.9        69.9        1         
69.9        69.9        1         
69.9        69.9        1         
69.9        69.9        1         
69.9        69.9        1         
69.9        69.9        1         
69.9        69.9        1         
69.9        69.9        1         
69.9        69.9        1         
69.9        69.9        1         
69.9        69.9        1         
69.9        69.9        1         
69.9        69.9        1         
69.9        69.9        1         
69.9        69.9        1         
69.9        69.9        1         
69.9        69.9        1         
69.9        69.9        1         
69.9        34.95       1         
69.9        69.9        1         
69.9        34.95       1         
69.9        69.9        1         
69.9        69.9        1         
69.9        69.9        1         
69.9        69.9        1         
69.9        69.9        1         
69.9        69.9        1         
69.9        69.9        1         
69.9        69.9        1         
69.9        69.9        1         
69.9        69.9        1         
69.9        69.9        1         
79.9        79.9        1         
79.9        79.9        1         
79.9        79.9        1         
79.9        79.9        1         
79.9        79.9        1         
79.9        79.9        1         
79.9        79.9        1         
79.9        79.9        1         
79.9        79.9        1         
79.9        79.9        1         
79.9        79.9        1         
79.9        79.9        1         
79.9        79.9        1         
79.9        79.9        1         
79.9        79.9        1         
79.9        79.9        1         
79.9        79.9        1         
79.9        79.9        1         
79.9        79.9        1         
79.9        79.9        1         
79.9        79.9        1         
79.9        79.9        1         
79.9        79.9        1         
79.9        79.9        1         
88.0        88.0        1         
88.0        88.0        1         
88.0        88.0        1         
88.0        88.0        1         
88.0        88.0        1         
88.0        88.0        1         
88.0        88.0        1         
88.0        88.0        1         
88.0        88.0        1         
88.0        88.0        1         
88.0        88.0        1         
88.0        88.0        1         
88.0        88.0        1         
98.0        58.8        1         
98.0        98.0        1         
98.0        98.0        1         
98.0        98.0        1         
98.0        98.0        1         
98.0        98.0        1         
118.0       118.0       1         
128.0       128.0       1         
128.0       128.0       1         
128.0       128.0       1         
128.0       128.0       1         
198.0       198.0       1         
