24.5        24.5        2         
24.5        24.5        2         
24.5        24.5        2         
24.5        24.5        2         
24.5        24.5        2         
24.5        24.5        2         
25.0        25.0        2         
25.0        25.0        2         
25.0        25.0        2         
25.0        25.0        2         
25.0        25.0        2         
28.5        28.5        2         
28.5        28.5        2         
28.5        28.5        2         
29.5        29.5        2         
29.5        19.99       2         
29.5        29.5        2         
29.5        29.5        2         
29.5        29.5        2         
30.0        30.0        2         
30.0        30.0        2         
33.5        33.5        2         
33.5        33.5        2         
34.5        34.5        2         
36.0        36.0        2         
36.0        36.0        2         
36.0        36.0        2         
36.0        19.99       2         
38.0        24.99       2         
38.0        38.0        2         
38.0        38.0        2         
39.5        39.5        2         
39.5        19.99       2         
39.5        19.99       2         
39.5        29.5        2         
39.5        39.5        2         
39.5        39.5        2         
39.5        39.5        2         
39.5        39.5        2         
39.5        19.99       2         
39.5        24.99       2         
40.0        40.0        2         
40.0        40.0        2         
40.0        40.0        2         
40.0        40.0        2         
40.0        40.0        2         
40.0        40.0        2         
40.0        40.0        2         
42.5        19.99       2         
42.5        29.99       2         
42.5        29.5        2         
43.5        43.5        2         
43.5        19.99       2         
45.0        45.0        2         
45.0        45.0        2         
45.0        29.99       2         
46.5        46.5        2         
48.0        29.99       2         
48.0        29.99       2         
48.0        29.99       2         
49.0        29.99       2         
49.5        49.5        2         
49.5        49.5        2         
49.5        49.5        2         
49.5        29.99       2         
53.5        53.5        2         
55.0        39.99       2         
58.0        44.99       2         
59.5        59.5        2         
59.5        49.99       2         
59.5        29.99       2         
59.5        59.5        2         
59.5        39.99       2         
59.5        49.99       2         
59.5        29.99       2         
59.5        29.99       2         
59.5        59.5        2         
59.5        49.99       2         
59.5        39.99       2         
59.5        59.5        2         
59.5        59.5        2         
59.5        29.99       2         
59.5        29.99       2         
59.5        59.5        2         
62.0        49.99       2         
62.0        24.99       2         
62.0        62.0        2         
62.5        62.5        2         
62.5        62.5        2         
62.5        62.5        2         
64.0        64.0        2         
64.5        49.99       2         
64.5        64.5        2         
64.5        64.5        2         
64.5        64.5        2         
64.5        64.5        2         
64.5        39.99       2         
64.5        64.5        2         
64.5        39.99       2         
64.5        49.99       2         
64.5        49.99       2         
64.5        49.99       2         
64.5        64.5        2         
64.5        39.99       2         
64.5        64.5        2         
64.5        64.5        2         
64.5        49.99       2         
64.5        39.99       2         
64.5        64.5        2         
64.5        39.99       2         
64.5        64.5        2         
64.5        39.99       2         
64.5        64.5        2         
64.5        64.5        2         
64.5        64.5        2         
64.5        64.5        2         
64.5        64.5        2         
64.5        64.5        2         
64.5        64.5        2         
64.5        64.5        2         
64.5        64.5        2         
64.5        64.5        2         
64.5        64.5        2         
64.5        64.5        2         
64.5        39.99       2         
64.5        64.5        2         
64.5        64.5        2         
64.5        64.5        2         
64.5        64.5        2         
64.5        64.5        2         
64.5        64.5        2         
64.5        64.5        2         
64.5        64.5        2         
65.0        49.99       2         
65.0        65.0        2         
65.0        65.0        2         
65.0        49.99       2         
65.0        65.0        2         
65.0        39.99       2         
65.0        65.0        2         
65.0        39.99       2         
65.0        65.0        2         
65.0        19.5        2         
65.0        19.5        2         
65.0        65.0        2         
65.0        65.0        2         
65.0        49.99       2         
65.0        65.0        2         
65.0        49.99       2         
65.0        65.0        2         
65.0        39.99       2         
65.0        65.0        2         
66.5        66.5        2         
67.5        67.5        2         
68.0        68.0        2         
68.0        68.0        2         
68.0        68.0        2         
68.0        68.0        2         
68.0        49.99       2         
68.0        49.99       2         
68.0        49.99       2         
69.5        69.5        2         
69.5        49.99       2         
69.5        49.99       2         
69.5        49.99       2         
69.5        49.99       2         
69.5        49.99       2         
69.5        39.99       2         
69.5        49.99       2         
69.5        69.5        2         
69.5        69.5        2         
69.5        49.99       2         
69.5        49.99       2         
69.5        69.5        2         
69.5        49.99       2         
69.5        49.99       2         
69.5        39.99       2         
69.5        49.99       2         
69.5        49.99       2         
69.5        49.99       2         
69.5        49.99       2         
69.5        49.99       2         
69.5        69.5        2         
69.5        49.99       2         
69.5        69.5        2         
69.5        69.5        2         
69.5        69.5        2         
69.5        59.99       2         
69.5        49.99       2         
69.5        69.5        2         
69.5        69.5        2         
69.5        69.5        2         
69.5        49.99       2         
69.5        59.5        2         
69.5        49.99       2         
69.5        69.5        2         
69.5        49.99       2         
69.5        54.99       2         
69.5        49.99       2         
69.5        39.99       2         
69.5        49.99       2         
70.0        49.99       2         
70.0        49.99       2         
70.0        70.0        2         
70.0        21.0        2         
70.0        70.0        2         
70.0        21.0        2         
70.0        70.0        2         
72.0        72.0        2         
72.0        72.0        2         
72.5        59.99       2         
72.5        59.99       2         
72.5        72.5        2         
73.0        73.0        2         
73.0        73.0        2         
74.0        59.99       2         
74.5        49.99       2         
75.0        49.99       2         
75.0        75.0        2         
75.0        22.5        2         
75.0        22.5        2         
75.0        39.99       2         
75.0        75.0        2         
78.0        78.0        2         
78.0        49.99       2         
78.0        78.0        2         
78.0        49.99       2         
78.0        59.99       2         
78.0        27.99       2         
79.5        79.5        2         
79.5        79.5        2         
79.5        79.5        2         
79.5        79.5        2         
79.5        79.5        2         
79.5        79.5        2         
79.5        49.99       2         
79.5        49.99       2         
79.5        79.5        2         
79.5        79.5        2         
79.5        79.5        2         
79.5        59.99       2         
79.5        79.5        2         
79.5        79.5        2         
79.5        79.5        2         
79.5        79.5        2         
79.5        79.5        2         
79.5        79.5        2         
79.5        79.5        2         
79.5        54.99       2         
79.5        49.99       2         
79.5        54.99       2         
79.5        39.99       2         
85.0        59.99       2         
85.0        85.0        2         
85.0        69.99       2         
85.0        59.99       2         
85.0        85.0        2         
85.0        85.0        2         
85.0        54.99       2         
88.0        69.99       2         
88.0        69.99       2         
88.0        17.6        2         
88.0        59.99       2         
88.0        88.0        2         
88.0        88.0        2         
88.0        59.99       2         
88.0        69.99       2         
88.0        59.99       2         
88.0        34.99       2         
88.0        59.99       2         
88.0        64.99       2         
88.0        39.99       2         
88.0        88.0        2         
89.5        89.5        2         
89.5        89.5        2         
89.5        89.5        2         
89.5        69.99       2         
89.5        89.5        2         
89.5        59.99       2         
89.5        39.99       2         
89.5        39.99       2         
89.5        39.99       2         
89.5        59.99       2         
89.5        49.99       2         
95.0        95.0        2         
95.0        64.99       2         
96.0        96.0        2         
96.0        96.0        2         
96.0        96.0        2         
96.0        96.0        2         
96.0        96.0        2         
96.0        96.0        2         
96.0        96.0        2         
96.0        96.0        2         
96.0        96.0        2         
96.0        96.0        2         
96.0        96.0        2         
98.0        98.0        2         
98.0        98.0        2         
98.0        98.0        2         
98.0        59.99       2         
98.0        98.0        2         
98.0        98.0        2         
98.0        59.99       2         
98.0        98.0        2         
98.0        98.0        2         
98.0        98.0        2         
98.0        98.0        2         
98.0        98.0        2         
98.0        98.0        2         
98.0        98.0        2         
98.0        98.0        2         
98.0        98.0        2         
98.0        98.0        2         
98.0        98.0        2         
98.0        98.0        2         
98.0        98.0        2         
98.0        98.0        2         
98.0        98.0        2         
98.0        98.0        2         
98.0        98.0        2         
98.0        69.99       2         
98.0        79.99       2         
98.0        59.99       2         
98.0        98.0        2         
98.0        79.99       2         
98.0        69.99       2         
98.0        69.99       2         
98.0        79.99       2         
98.0        98.0        2         
98.0        79.99       2         
98.0        79.99       2         
98.0        69.99       2         
98.0        98.0        2         
98.0        59.99       2         
98.0        69.99       2         
98.0        69.99       2         
98.0        98.0        2         
98.0        98.0        2         
98.0        98.0        2         
98.0        98.0        2         
98.0        98.0        2         
98.0        98.0        2         
98.0        98.0        2         
98.0        98.0        2         
98.0        98.0        2         
98.0        98.0        2         
98.0        98.0        2         
98.0        98.0        2         
98.0        98.0        2         
98.0        98.0        2         
98.0        98.0        2         
98.0        98.0        2         
98.0        79.99       2         
98.0        39.99       2         
98.0        69.99       2         
98.0        69.99       2         
98.0        69.99       2         
98.0        64.99       2         
98.0        39.99       2         
98.0        44.99       2         
98.0        69.99       2         
98.0        44.99       2         
98.0        49.99       2         
98.0        64.99       2         
98.0        44.99       2         
100.0       100.0       2         
100.0       100.0       2         
108.0       79.99       2         
108.0       108.0       2         
108.0       79.99       2         
108.0       108.0       2         
108.0       108.0       2         
108.0       108.0       2         
108.0       108.0       2         
108.0       108.0       2         
108.0       108.0       2         
108.0       49.99       2         
108.0       49.99       2         
108.0       88.0        2         
108.0       74.99       2         
110.0       110.0       2         
110.0       110.0       2         
110.0       69.99       2         
118.0       59.99       2         
118.0       118.0       2         
118.0       118.0       2         
118.0       118.0       2         
118.0       79.99       2         
118.0       79.99       2         
118.0       118.0       2         
118.0       118.0       2         
118.0       79.99       2         
118.0       118.0       2         
118.0       118.0       2         
118.0       89.99       2         
118.0       69.99       2         
118.0       79.99       2         
118.0       118.0       2         
118.0       118.0       2         
118.0       79.99       2         
118.0       118.0       2         
118.0       99.99       2         
118.0       49.99       2         
120.0       120.0       2         
125.0       125.0       2         
125.0       125.0       2         
125.0       125.0       2         
125.0       125.0       2         
125.0       59.99       2         
125.0       125.0       2         
125.0       125.0       2         
125.0       125.0       2         
125.0       125.0       2         
125.0       125.0       2         
125.0       59.99       2         
125.0       89.99       2         
128.0       128.0       2         
128.0       128.0       2         
128.0       128.0       2         
128.0       99.99       2         
128.0       128.0       2         
128.0       128.0       2         
128.0       128.0       2         
128.0       128.0       2         
128.0       49.99       2         
128.0       79.99       2         
128.0       98.0        2         
128.0       89.99       2         
128.0       128.0       2         
128.0       128.0       2         
128.0       128.0       2         
128.0       89.99       2         
128.0       39.99       2         
128.0       79.99       2         
128.0       39.99       2         
128.0       79.99       2         
128.0       84.99       2         
135.0       135.0       2         
135.0       135.0       2         
135.0       135.0       2         
135.0       135.0       2         
135.0       135.0       2         
138.0       138.0       2         
138.0       99.99       2         
138.0       89.99       2         
138.0       89.99       2         
138.0       99.99       2         
138.0       99.99       2         
138.0       138.0       2         
138.0       99.99       2         
138.0       29.99       2         
138.0       69.99       2         
138.0       89.99       2         
138.0       59.99       2         
145.0       145.0       2         
145.0       99.99       2         
145.0       79.99       2         
148.0       119.99      2         
148.0       99.99       2         
148.0       99.99       2         
148.0       89.99       2         
148.0       119.99      2         
148.0       69.99       2         
148.0       109.99      2         
148.0       99.99       2         
149.99      149.99      2         
150.0       45.0        2         
150.0       150.0       2         
150.0       150.0       2         
150.0       150.0       2         
158.0       158.0       2         
158.0       99.99       2         
158.0       158.0       2         
158.0       89.99       2         
158.0       119.99      2         
160.0       160.0       2         
165.0       165.0       2         
168.0       168.0       2         
168.0       129.99      2         
168.0       79.99       2         
168.0       168.0       2         
168.0       168.0       2         
168.0       168.0       2         
168.0       119.99      2         
168.0       168.0       2         
168.0       89.99       2         
170.0       170.0       2         
170.0       170.0       2         
170.0       51.0        2         
175.0       175.0       2         
178.0       178.0       2         
178.0       178.0       2         
188.0       59.99       2         
188.0       99.99       2         
188.0       129.99      2         
188.0       188.0       2         
188.0       139.99      2         
190.0       190.0       2         
195.0       195.0       2         
198.0       159.99      2         
198.0       139.99      2         
198.0       198.0       2         
198.0       198.0       2         
198.0       198.0       2         
198.0       99.99       2         
198.0       198.0       2         
198.0       134.99      2         
198.0       198.0       2         
198.0       159.99      2         
198.0       134.99      2         
198.0       139.99      2         
198.0       119.99      2         
200.0       200.0       2         
200.0       200.0       2         
200.0       200.0       2         
200.0       200.0       2         
200.0       60.0        2         
205.0       205.0       2         
215.0       215.0       2         
218.0       188.0       2         
220.0       220.0       2         
225.0       225.0       2         
225.0       179.99      2         
225.0       149.99      2         
228.0       228.0       2         
228.0       228.0       2         
228.0       89.99       2         
228.0       228.0       2         
228.0       154.99      2         
228.0       99.99       2         
235.0       235.0       2         
239.95      239.95      2         
245.0       119.99      2         
245.0       169.99      2         
248.0       248.0       2         
248.0       248.0       2         
248.0       189.99      2         
248.0       169.99      2         
248.0       248.0       2         
250.0       250.0       2         
250.0       250.0       2         
250.0       250.0       2         
250.0       189.99      2         
250.0       250.0       2         
250.0       179.99      2         
255.0       174.99      2         
258.0       258.0       2         
260.0       199.99      2         
265.0       139.99      2         
285.0       199.99      2         
295.0       295.0       2         
295.0       199.99      2         
298.0       298.0       2         
298.0       298.0       2         
298.0       199.99      2         
298.0       139.99      2         
298.0       298.0       2         
300.0       300.0       2         
325.0       325.0       2         
325.0       325.0       2         
329.99      329.99      2         
350.0       249.99      2         
385.0       269.99      2         
395.0       179.99      2         
450.0       450.0       2         
495.0       495.0       2         
500.0       299.99      2         
500.0       299.99      2         
550.0       329.99      2         
695.0       695.0       2         
750.0       199.99      2         
966.0       966.0       2         
2500.0      2500.0      2         
