0 0.0 0.0 0 0
1 110.0 110.0 0 1
2 118.0 59.99 49.1569 1
3 72.5 72.5 0 1
4 98.0 98.0 0 1
5 170.5 170.5 0 2
6 182.5 182.5 0 2
7 190.5 132.49 30.4498 2
8 208.0 208.0 0 2
9 216.0 157.99 26.8552 2
10 228.0 169.99 25.4419 2
11 278.5 217.48 21.9094 2
12 282.5 179.97 36.2925 2
13 294.0 294.0 0 2
14 368.0 329.99 10.3285 2
15 280.5 280.5 0 3
16 288.5 230.49 20.1068 3
17 300.5 242.49 19.3039 3
18 326.0 267.99 17.7939 3
19 355.0 252.47 28.8809 3
20 366.5 366.5 0 3
21 376.5 315.48 16.2067 3
22 380.5 277.97 26.9454 3
23 388.5 327.48 15.7062 3
24 392.5 289.97 26.1216 3
25 396.5 277.47 30.0194 3
26 404.0 404.0 0 3
27 412.0 353.99 14.0798 3
28 440.5 402.49 8.62863 3
29 466.0 427.99 8.15648 3
30 486.0 389.98 19.7568 3
31 398.5 340.49 14.5567 4
32 453.0 350.47 22.6331 4
33 465.0 362.47 22.049 4
34 476.5 476.5 0 4
35 484.5 426.49 11.9729 4
36 486.5 425.48 12.5424 4
37 490.5 387.97 20.9027 4
38 494.5 375.47 24.0703 4
39 506.5 387.47 23.5 4
40 522.0 463.99 11.1128 4
41 538.5 500.49 7.05836 4
42 558.5 462.48 17.1922 4
43 561.0 397.45 29.1528 4
44 572.5 511.48 10.6583 4
45 576.5 473.97 17.7846 4
46 584.0 487.98 16.4415 4
47 646.5 547.47 15.3176 4
48 650.5 509.96 21.6046 4
49 662.0 623.99 5.74161 4
50 563.0 460.47 18.211 5
51 594.5 536.49 9.75762 5
52 604.5 485.47 19.6903 5
53 649.0 546.47 15.7979 5
54 656.5 560.48 14.6258 5
55 659.0 495.45 24.8175 5
56 671.0 507.45 24.3737 5
57 682.5 621.48 8.94053 5
58 686.5 583.97 14.935 5
59 690.5 571.47 17.238 5
60 723.0 582.46 19.4382 5
61 734.5 696.49 5.17488 5
62 744.5 645.47 13.3014 5
63 748.5 607.96 18.776 5
64 764.5 607.46 20.5413 5
65 780.0 683.98 12.3101 5
66 759.0 656.47 13.5084 6
67 769.0 605.45 21.2676 6
68 800.5 681.47 14.8693 6
69 821.0 680.46 17.1179 6
70 852.5 756.48 11.2632 6
71 855.0 691.45 19.1284 6
72 862.5 705.46 18.2073 6
73 929.0 727.44 21.6962 6
74 940.5 841.47 10.5294 6
75 944.5 803.96 14.8797 6
76 1017.0 876.46 13.8189 7
77 1027.0 825.44 19.6259 7
78 1058.5 901.46 14.8359 7
79 965.0 801.45 16.948 7
80 1223.0 1021.44 16.4807 8
