0 0.0 0.0 0 0
1 125.0 125.0 0 1
2 130.0 130.0 0 1
3 225.0 159.99 28.892 1
4 89.5 89.5 0 1
5 179.0 179.0 0 2
6 214.5 214.5 0 2
7 219.5 219.5 0 2
8 228.5 228.5 0 2
9 235.0 235.0 0 2
10 255.0 255.0 0 2
11 314.5 249.49 20.6702 2
12 350.0 284.99 18.5738 2
13 355.0 289.99 18.3122 2
14 375.0 309.99 17.3355 2
15 304.0 304.0 0 3
16 309.0 309.0 0 3
17 318.0 318.0 0 3
18 324.5 324.5 0 3
19 344.5 344.5 0 3
20 353.5 353.5 0 3
21 365.0 365.0 0 3
22 404.0 338.99 16.0912 3
23 439.5 374.49 14.7915 3
24 444.5 379.49 14.6251 3
25 453.5 388.49 14.3349 3
26 460.0 394.99 14.1323 3
27 464.5 399.49 13.9954 3
28 480.0 414.99 13.5435 3
29 500.0 434.99 13.0017 3
30 505.0 439.99 12.873 3
31 407.5 407.5 0 4
32 414.0 414.0 0 4
33 434.0 434.0 0 4
34 443.0 443.0 0 4
35 454.5 454.5 0 4
36 463.5 463.5 0 4
37 529.0 463.99 12.289 4
38 534.0 468.99 12.1739 4
39 543.0 477.99 11.9722 4
40 549.5 484.49 11.8305 4
41 554.0 488.99 11.7344 4
42 569.5 504.49 11.4151 4
43 578.5 513.49 11.2375 4
44 589.5 524.49 11.0278 4
45 590.0 524.99 11.0185 4
46 594.5 529.49 10.9351 4
47 603.5 538.49 10.772 4
48 610.0 544.99 10.6572 4
49 630.0 564.99 10.3189 4
50 532.5 532.5 0 5
51 544.0 544.0 0 5
52 553.0 553.0 0 5
53 632.5 567.49 10.2781 5
54 639.0 573.99 10.1735 5
55 659.0 593.99 9.8648 5
56 668.0 602.99 9.73189 5
57 679.0 613.99 9.57423 5
58 679.5 614.49 9.56719 5
59 684.0 618.99 9.50425 5
60 688.5 623.49 9.44213 5
61 693.0 627.99 9.38082 5
62 699.5 634.49 9.29365 5
63 719.5 654.49 9.03532 5
64 728.5 663.49 8.92369 5
65 740.0 674.99 8.78502 5
66 642.5 642.5 0 6
67 757.5 692.49 8.58206 6
68 769.0 703.99 8.45373 6
69 778.0 712.99 8.35593 6
70 782.5 717.49 8.30788 6
71 789.0 723.99 8.23944 6
72 809.0 743.99 8.03575 6
73 818.0 752.99 7.94734 6
74 829.5 764.49 7.83716 6
75 838.5 773.49 7.75304 6
76 867.5 802.49 7.49386 7
77 907.5 842.49 7.16356 7
78 919.0 853.99 7.07392 7
79 928.0 862.99 7.00531 7
80 1017.5 952.49 6.38913 8
