0 24.5 24.5 0
1 24.5 24.5 0
2 24.5 24.5 0
3 24.5 24.5 0
4 24.5 24.5 0
5 24.5 24.5 0
6 25.0 25.0 0
7 25.0 25.0 0
8 25.0 25.0 0
9 25.0 25.0 0
10 25.0 25.0 0
11 28.5 28.5 0
12 28.5 28.5 0
13 28.5 28.5 0
14 29.5 29.5 0
15 29.5 19.99 32.2373
16 29.5 29.5 0
17 29.5 29.5 0
18 29.5 29.5 0
19 30.0 30.0 0
20 30.0 30.0 0
21 33.5 33.5 0
22 33.5 33.5 0
23 34.5 34.5 0
24 36.0 36.0 0
25 36.0 36.0 0
26 36.0 36.0 0
27 36.0 19.99 44.4722
28 38.0 24.99 34.2368
29 38.0 38.0 0
30 38.0 38.0 0
31 39.5 39.5 0
32 39.5 19.99 49.3924
33 39.5 19.99 49.3924
34 39.5 29.5 25.3165
35 39.5 39.5 0
36 39.5 39.5 0
37 39.5 39.5 0
38 39.5 39.5 0
39 39.5 19.99 49.3924
40 39.5 24.99 36.7342
41 40.0 40.0 0
42 40.0 40.0 0
43 40.0 40.0 0
44 40.0 40.0 0
45 40.0 40.0 0
46 40.0 40.0 0
47 40.0 40.0 0
48 42.5 19.99 52.9647
49 42.5 29.99 29.4353
50 42.5 29.5 30.5882
51 43.5 43.5 0
52 43.5 19.99 54.046
53 45.0 45.0 0
54 45.0 45.0 0
55 45.0 29.99 33.3556
56 46.5 46.5 0
57 48.0 29.99 37.5208
58 48.0 29.99 37.5208
59 48.0 29.99 37.5208
60 49.0 29.99 38.7959
61 49.5 49.5 0
62 49.5 49.5 0
63 49.5 49.5 0
64 49.5 29.99 39.4141
65 53.5 53.5 0
66 55.0 39.99 27.2909
67 58.0 44.99 22.431
68 59.5 59.5 0
69 59.5 49.99 15.9832
70 59.5 29.99 49.5966
71 59.5 59.5 0
72 59.5 39.99 32.7899
73 59.5 49.99 15.9832
74 59.5 29.99 49.5966
75 59.5 29.99 49.5966
76 59.5 59.5 0
77 59.5 49.99 15.9832
78 59.5 39.99 32.7899
79 59.5 59.5 0
80 59.5 59.5 0
81 59.5 29.99 49.5966
82 59.5 29.99 49.5966
83 59.5 59.5 0
84 62.0 49.99 19.371
85 62.0 24.99 59.6935
86 62.0 62.0 0
87 62.5 62.5 0
88 62.5 62.5 0
89 62.5 62.5 0
90 64.0 64.0 0
91 64.5 49.99 22.4961
92 64.5 64.5 0
93 64.5 64.5 0
94 64.5 64.5 0
95 64.5 64.5 0
96 64.5 39.99 38
97 64.5 64.5 0
98 64.5 39.99 38
99 64.5 49.99 22.4961
100 64.5 49.99 22.4961
101 64.5 49.99 22.4961
102 64.5 64.5 0
103 64.5 39.99 38
104 64.5 64.5 0
105 64.5 64.5 0
106 64.5 49.99 22.4961
107 64.5 39.99 38
108 64.5 64.5 0
109 64.5 39.99 38
110 64.5 64.5 0
111 64.5 39.99 38
112 64.5 64.5 0
113 64.5 64.5 0
114 64.5 64.5 0
115 64.5 64.5 0
116 64.5 64.5 0
117 64.5 64.5 0
118 64.5 64.5 0
119 64.5 64.5 0
120 64.5 64.5 0
121 64.5 64.5 0
122 64.5 64.5 0
123 64.5 64.5 0
124 64.5 39.99 38
125 64.5 64.5 0
126 64.5 64.5 0
127 64.5 64.5 0
128 64.5 64.5 0
129 64.5 64.5 0
130 64.5 64.5 0
131 64.5 64.5 0
132 64.5 64.5 0
133 65.0 49.99 23.0923
134 65.0 65.0 0
135 65.0 65.0 0
136 65.0 49.99 23.0923
137 65.0 65.0 0
138 65.0 39.99 38.4769
139 65.0 65.0 0
140 65.0 39.99 38.4769
141 65.0 65.0 0
142 65.0 19.5 70
143 65.0 19.5 70
144 65.0 65.0 0
145 65.0 65.0 0
146 65.0 49.99 23.0923
147 65.0 65.0 0
148 65.0 49.99 23.0923
149 65.0 65.0 0
150 65.0 39.99 38.4769
151 65.0 65.0 0
152 66.5 66.5 0
153 67.5 67.5 0
154 68.0 68.0 0
155 68.0 68.0 0
156 68.0 68.0 0
157 68.0 68.0 0
158 68.0 49.99 26.4853
159 68.0 49.99 26.4853
160 68.0 49.99 26.4853
161 69.5 69.5 0
162 69.5 49.99 28.0719
163 69.5 49.99 28.0719
164 69.5 49.99 28.0719
165 69.5 49.99 28.0719
166 69.5 49.99 28.0719
167 69.5 39.99 42.4604
168 69.5 49.99 28.0719
169 69.5 69.5 0
170 69.5 69.5 0
171 69.5 49.99 28.0719
172 69.5 49.99 28.0719
173 69.5 69.5 0
174 69.5 49.99 28.0719
175 69.5 49.99 28.0719
176 69.5 39.99 42.4604
177 69.5 49.99 28.0719
178 69.5 49.99 28.0719
179 69.5 49.99 28.0719
180 69.5 49.99 28.0719
181 69.5 49.99 28.0719
182 69.5 69.5 0
183 69.5 49.99 28.0719
184 69.5 69.5 0
185 69.5 69.5 0
186 69.5 69.5 0
187 69.5 59.99 13.6835
188 69.5 49.99 28.0719
189 69.5 69.5 0
190 69.5 69.5 0
191 69.5 69.5 0
192 69.5 49.99 28.0719
193 69.5 59.5 14.3885
194 69.5 49.99 28.0719
195 69.5 69.5 0
196 69.5 49.99 28.0719
197 69.5 54.99 20.8777
198 69.5 49.99 28.0719
199 69.5 39.99 42.4604
200 69.5 49.99 28.0719
201 70.0 49.99 28.5857
202 70.0 49.99 28.5857
203 70.0 70.0 0
204 70.0 21.0 70
205 70.0 70.0 0
206 70.0 21.0 70
207 70.0 70.0 0
208 72.0 72.0 0
209 72.0 72.0 0
210 72.5 59.99 17.2552
211 72.5 59.99 17.2552
212 72.5 72.5 0
213 73.0 73.0 0
214 73.0 73.0 0
215 74.0 59.99 18.9324
216 74.5 49.99 32.8993
217 75.0 49.99 33.3467
218 75.0 75.0 0
219 75.0 22.5 70
220 75.0 22.5 70
221 75.0 39.99 46.68
222 75.0 75.0 0
223 78.0 78.0 0
224 78.0 49.99 35.9103
225 78.0 78.0 0
226 78.0 49.99 35.9103
227 78.0 59.99 23.0897
228 78.0 27.99 64.1154
229 79.5 79.5 0
230 79.5 79.5 0
231 79.5 79.5 0
232 79.5 79.5 0
233 79.5 79.5 0
234 79.5 79.5 0
235 79.5 49.99 37.1195
236 79.5 49.99 37.1195
237 79.5 79.5 0
238 79.5 79.5 0
239 79.5 79.5 0
240 79.5 59.99 24.5409
241 79.5 79.5 0
242 79.5 79.5 0
243 79.5 79.5 0
244 79.5 79.5 0
245 79.5 79.5 0
246 79.5 79.5 0
247 79.5 79.5 0
248 79.5 54.99 30.8302
249 79.5 49.99 37.1195
250 79.5 54.99 30.8302
251 79.5 39.99 49.6981
252 85.0 59.99 29.4235
253 85.0 85.0 0
254 85.0 69.99 17.6588
255 85.0 59.99 29.4235
256 85.0 85.0 0
257 85.0 85.0 0
258 85.0 54.99 35.3059
259 88.0 69.99 20.4659
260 88.0 69.99 20.4659
261 88.0 17.6 80
262 88.0 59.99 31.8295
263 88.0 88.0 0
264 88.0 88.0 0
265 88.0 59.99 31.8295
266 88.0 69.99 20.4659
267 88.0 59.99 31.8295
268 88.0 34.99 60.2386
269 88.0 59.99 31.8295
270 88.0 64.99 26.1477
271 88.0 39.99 54.5568
272 88.0 88.0 0
273 89.5 89.5 0
274 89.5 89.5 0
275 89.5 89.5 0
276 89.5 69.99 21.7989
277 89.5 89.5 0
278 89.5 59.99 32.9721
279 89.5 39.99 55.3184
280 89.5 39.99 55.3184
281 89.5 39.99 55.3184
282 89.5 59.99 32.9721
283 89.5 49.99 44.1453
284 95.0 95.0 0
285 95.0 64.99 31.5895
286 96.0 96.0 0
287 96.0 96.0 0
288 96.0 96.0 0
289 96.0 96.0 0
290 96.0 96.0 0
291 96.0 96.0 0
292 96.0 96.0 0
293 96.0 96.0 0
294 96.0 96.0 0
295 96.0 96.0 0
296 96.0 96.0 0
297 98.0 98.0 0
298 98.0 98.0 0
299 98.0 98.0 0
300 98.0 59.99 38.7857
301 98.0 98.0 0
302 98.0 98.0 0
303 98.0 59.99 38.7857
304 98.0 98.0 0
305 98.0 98.0 0
306 98.0 98.0 0
307 98.0 98.0 0
308 98.0 98.0 0
309 98.0 98.0 0
310 98.0 98.0 0
311 98.0 98.0 0
312 98.0 98.0 0
313 98.0 98.0 0
314 98.0 98.0 0
315 98.0 98.0 0
316 98.0 98.0 0
317 98.0 98.0 0
318 98.0 98.0 0
319 98.0 98.0 0
320 98.0 98.0 0
321 98.0 69.99 28.5816
322 98.0 79.99 18.3776
323 98.0 59.99 38.7857
324 98.0 98.0 0
325 98.0 79.99 18.3776
326 98.0 69.99 28.5816
327 98.0 69.99 28.5816
328 98.0 79.99 18.3776
329 98.0 98.0 0
330 98.0 79.99 18.3776
331 98.0 79.99 18.3776
332 98.0 69.99 28.5816
333 98.0 98.0 0
334 98.0 59.99 38.7857
335 98.0 69.99 28.5816
336 98.0 69.99 28.5816
337 98.0 98.0 0
338 98.0 98.0 0
339 98.0 98.0 0
340 98.0 98.0 0
341 98.0 98.0 0
342 98.0 98.0 0
343 98.0 98.0 0
344 98.0 98.0 0
345 98.0 98.0 0
346 98.0 98.0 0
347 98.0 98.0 0
348 98.0 98.0 0
349 98.0 98.0 0
350 98.0 98.0 0
351 98.0 98.0 0
352 98.0 98.0 0
353 98.0 79.99 18.3776
354 98.0 39.99 59.1939
355 98.0 69.99 28.5816
356 98.0 69.99 28.5816
357 98.0 69.99 28.5816
358 98.0 64.99 33.6837
359 98.0 39.99 59.1939
360 98.0 44.99 54.0918
361 98.0 69.99 28.5816
362 98.0 44.99 54.0918
363 98.0 49.99 48.9898
364 98.0 64.99 33.6837
365 98.0 44.99 54.0918
366 100.0 100.0 0
367 100.0 100.0 0
368 108.0 79.99 25.9352
369 108.0 108.0 0
370 108.0 79.99 25.9352
371 108.0 108.0 0
372 108.0 108.0 0
373 108.0 108.0 0
374 108.0 108.0 0
375 108.0 108.0 0
376 108.0 108.0 0
377 108.0 49.99 53.713
378 108.0 49.99 53.713
379 108.0 88.0 18.5185
380 108.0 74.99 30.5648
381 110.0 110.0 0
382 110.0 110.0 0
383 110.0 69.99 36.3727
384 118.0 59.99 49.161
385 118.0 118.0 0
386 118.0 118.0 0
387 118.0 118.0 0
388 118.0 79.99 32.2119
389 118.0 79.99 32.2119
390 118.0 118.0 0
391 118.0 118.0 0
392 118.0 79.99 32.2119
393 118.0 118.0 0
394 118.0 118.0 0
395 118.0 89.99 23.7373
396 118.0 69.99 40.6864
397 118.0 79.99 32.2119
398 118.0 118.0 0
399 118.0 118.0 0
400 118.0 79.99 32.2119
401 118.0 118.0 0
402 118.0 99.99 15.2627
403 118.0 49.99 57.6356
404 120.0 120.0 0
405 125.0 125.0 0
406 125.0 125.0 0
407 125.0 125.0 0
408 125.0 125.0 0
409 125.0 59.99 52.008
410 125.0 125.0 0
411 125.0 125.0 0
412 125.0 125.0 0
413 125.0 125.0 0
414 125.0 125.0 0
415 125.0 59.99 52.008
416 125.0 89.99 28.008
417 128.0 128.0 0
418 128.0 128.0 0
419 128.0 128.0 0
420 128.0 99.99 21.8828
421 128.0 128.0 0
422 128.0 128.0 0
423 128.0 128.0 0
424 128.0 128.0 0
425 128.0 49.99 60.9453
426 128.0 79.99 37.5078
427 128.0 98.0 23.4375
428 128.0 89.99 29.6953
429 128.0 128.0 0
430 128.0 128.0 0
431 128.0 128.0 0
432 128.0 89.99 29.6953
433 128.0 39.99 68.7578
434 128.0 79.99 37.5078
435 128.0 39.99 68.7578
436 128.0 79.99 37.5078
437 128.0 84.99 33.6016
438 135.0 135.0 0
439 135.0 135.0 0
440 135.0 135.0 0
441 135.0 135.0 0
442 135.0 135.0 0
443 138.0 138.0 0
444 138.0 99.99 27.5435
445 138.0 89.99 34.7899
446 138.0 89.99 34.7899
447 138.0 99.99 27.5435
448 138.0 99.99 27.5435
449 138.0 138.0 0
450 138.0 99.99 27.5435
451 138.0 29.99 78.2681
452 138.0 69.99 49.2826
453 138.0 89.99 34.7899
454 138.0 59.99 56.529
455 145.0 145.0 0
456 145.0 99.99 31.0414
457 145.0 79.99 44.8345
458 148.0 119.99 18.9257
459 148.0 99.99 32.4392
460 148.0 99.99 32.4392
461 148.0 89.99 39.1959
462 148.0 119.99 18.9257
463 148.0 69.99 52.7095
464 148.0 109.99 25.6824
465 148.0 99.99 32.4392
466 149.99 149.99 0
467 150.0 45.0 70
468 150.0 150.0 0
469 150.0 150.0 0
470 150.0 150.0 0
471 158.0 158.0 0
472 158.0 99.99 36.7152
473 158.0 158.0 0
474 158.0 89.99 43.0443
475 158.0 119.99 24.057
476 160.0 160.0 0
477 165.0 165.0 0
478 168.0 168.0 0
479 168.0 129.99 22.625
480 168.0 79.99 52.3869
481 168.0 168.0 0
482 168.0 168.0 0
483 168.0 168.0 0
484 168.0 119.99 28.5774
485 168.0 168.0 0
486 168.0 89.99 46.4345
487 170.0 170.0 0
488 170.0 170.0 0
489 170.0 51.0 70
490 175.0 175.0 0
491 178.0 178.0 0
492 178.0 178.0 0
493 188.0 59.99 68.0904
494 188.0 99.99 46.8138
495 188.0 129.99 30.8564
496 188.0 188.0 0
497 188.0 139.99 25.5372
498 190.0 190.0 0
499 195.0 195.0 0
500 198.0 159.99 19.197
501 198.0 139.99 29.298
502 198.0 198.0 0
503 198.0 198.0 0
504 198.0 198.0 0
505 198.0 99.99 49.5
506 198.0 198.0 0
507 198.0 134.99 31.8232
508 198.0 198.0 0
509 198.0 159.99 19.197
510 198.0 134.99 31.8232
511 198.0 139.99 29.298
512 198.0 119.99 39.399
513 200.0 200.0 0
514 200.0 200.0 0
515 200.0 200.0 0
516 200.0 200.0 0
517 200.0 60.0 70
518 205.0 205.0 0
519 215.0 215.0 0
520 218.0 188.0 13.7615
521 220.0 220.0 0
522 225.0 225.0 0
523 225.0 179.99 20.0044
524 225.0 149.99 33.3378
525 228.0 228.0 0
526 228.0 228.0 0
527 228.0 89.99 60.5307
528 228.0 228.0 0
529 228.0 154.99 32.0219
530 228.0 99.99 56.1447
531 235.0 235.0 0
532 239.95 239.95 0
533 245.0 119.99 51.0245
534 245.0 169.99 30.6163
535 248.0 248.0 0
536 248.0 248.0 0
537 248.0 189.99 23.3911
538 248.0 169.99 31.4556
539 248.0 248.0 0
540 250.0 250.0 0
541 250.0 250.0 0
542 250.0 250.0 0
543 250.0 189.99 24.004
544 250.0 250.0 0
545 250.0 179.99 28.004
546 255.0 174.99 31.3765
547 258.0 258.0 0
548 260.0 199.99 23.0808
549 265.0 139.99 47.1736
550 285.0 199.99 29.8281
551 295.0 295.0 0
552 295.0 199.99 32.2068
553 298.0 298.0 0
554 298.0 298.0 0
555 298.0 199.99 32.8893
556 298.0 139.99 53.0235
557 298.0 298.0 0
558 300.0 300.0 0
559 325.0 325.0 0
560 325.0 325.0 0
561 329.99 329.99 0
562 350.0 249.99 28.5743
563 385.0 269.99 29.8727
564 395.0 179.99 54.4329
565 450.0 450.0 0
566 495.0 495.0 0
567 500.0 299.99 40.002
568 500.0 299.99 40.002
569 550.0 329.99 40.0018
570 695.0 695.0 0
571 750.0 199.99 73.3347
572 966.0 966.0 0
573 2500.0 2500.0 0
