0 19.5 19.5 0
1 19.5 19.5 0
2 19.5 14.99 23.1282
3 24.5 24.5 0
4 24.5 24.5 0
5 24.5 7.99 67.3878
6 24.5 11.99 51.0612
7 24.5 9.99 59.2245
8 24.5 24.5 0
9 29.5 14.99 49.1864
10 29.5 29.5 0
11 32.5 24.99 23.1077
12 34.5 34.5 0
13 39.5 14.99 62.0506
14 44.5 44.5 0
15 44.5 44.5 0
16 49.5 49.5 0
17 49.5 35.99 27.2929
18 49.5 14.99 69.7172
19 49.5 49.5 0
20 49.5 24.99 49.5152
21 55.0 55.0 0
22 55.0 55.0 0
23 55.0 34.99 36.3818
24 55.0 34.99 36.3818
25 55.0 55.0 0
26 55.0 34.99 36.3818
27 59.5 59.5 0
28 59.5 59.5 0
29 59.5 59.5 0
30 59.5 59.5 0
31 59.5 59.5 0
32 59.5 39.99 32.7899
33 59.5 39.99 32.7899
34 59.5 59.5 0
35 59.5 59.5 0
36 59.5 39.99 32.7899
37 59.5 44.99 24.3866
38 59.5 59.5 0
39 59.5 44.99 24.3866
40 59.5 49.99 15.9832
41 59.5 59.5 0
42 59.5 59.5 0
43 59.5 59.5 0
44 59.5 39.99 32.7899
45 59.5 34.99 41.1933
46 59.5 44.99 24.3866
47 59.5 59.5 0
48 59.5 29.99 49.5966
49 59.5 59.5 0
50 59.5 59.5 0
51 59.5 34.99 41.1933
52 59.5 34.99 41.1933
53 59.5 39.99 32.7899
54 59.5 34.99 41.1933
55 59.5 34.99 41.1933
56 59.5 59.5 0
57 59.5 39.99 32.7899
58 59.5 29.99 49.5966
59 59.5 49.99 15.9832
60 59.5 49.99 15.9832
61 64.5 64.5 0
62 64.5 45.99 28.6977
63 64.5 49.99 22.4961
64 64.5 49.99 22.4961
65 64.5 34.99 45.7519
66 69.5 69.5 0
67 69.5 69.5 0
68 69.5 69.5 0
69 69.5 69.5 0
70 69.5 69.5 0
71 69.5 49.99 28.0719
72 69.5 69.5 0
73 69.5 69.5 0
74 69.5 69.5 0
75 69.5 49.99 28.0719
76 69.5 34.99 49.6547
77 69.5 59.99 13.6835
78 69.5 49.99 28.0719
79 69.5 45.99 33.8273
80 69.5 59.99 13.6835
81 69.5 69.5 0
82 69.5 59.99 13.6835
83 69.5 69.5 0
84 69.5 59.99 13.6835
85 69.5 69.5 0
86 69.5 49.99 28.0719
87 69.5 49.99 28.0719
88 69.5 49.99 28.0719
89 69.5 49.99 28.0719
90 69.5 49.99 28.0719
91 69.5 49.99 28.0719
92 69.5 49.99 28.0719
93 69.5 49.99 28.0719
94 69.5 69.5 0
95 69.5 69.5 0
96 69.5 69.5 0
97 69.5 69.5 0
98 69.5 59.99 13.6835
99 69.5 69.5 0
100 69.5 69.5 0
101 69.5 39.99 42.4604
102 69.5 69.5 0
103 69.5 69.5 0
104 69.5 69.5 0
105 69.5 69.5 0
106 69.5 69.5 0
107 69.5 69.5 0
108 69.5 69.5 0
109 69.5 59.99 13.6835
110 69.5 59.99 13.6835
111 69.5 32.99 52.5324
112 69.5 32.99 52.5324
113 69.5 32.99 52.5324
114 69.5 32.99 52.5324
115 69.5 69.5 0
116 69.5 34.99 49.6547
117 79.5 79.5 0
118 79.5 79.5 0
119 79.5 79.5 0
120 79.5 79.5 0
121 79.5 79.5 0
122 79.5 39.99 49.6981
123 79.5 69.99 11.9623
124 79.5 79.5 0
125 79.5 79.5 0
126 79.5 79.5 0
127 79.5 79.5 0
128 79.5 79.5 0
129 79.5 79.5 0
130 79.5 79.5 0
131 79.5 79.5 0
132 79.5 79.5 0
133 79.5 69.99 11.9623
134 79.5 65.99 16.9937
135 79.5 79.5 0
136 79.5 69.99 11.9623
137 79.5 79.5 0
138 79.5 79.5 0
139 79.5 69.99 11.9623
140 79.5 69.99 11.9623
141 79.5 69.99 11.9623
142 79.5 79.5 0
143 79.5 79.5 0
144 79.5 79.5 0
145 79.5 79.5 0
146 79.5 79.5 0
147 79.5 79.5 0
148 79.5 79.5 0
149 79.5 79.5 0
150 79.5 79.5 0
151 79.5 44.99 43.4088
152 79.5 79.5 0
153 79.5 79.5 0
154 79.5 79.5 0
155 79.5 44.99 43.4088
156 79.5 64.99 18.2516
157 79.5 39.99 49.6981
158 89.5 89.5 0
159 89.5 89.5 0
160 89.5 29.99 66.4916
161 89.5 69.99 21.7989
162 89.5 89.5 0
163 89.5 74.99 16.2123
164 89.5 89.5 0
165 89.5 89.5 0
166 89.5 79.99 10.6257
167 89.5 69.99 21.7989
168 89.5 89.5 0
169 89.5 89.5 0
170 89.5 89.5 0
171 89.5 89.5 0
172 89.5 89.5 0
173 89.5 89.5 0
174 89.5 79.99 10.6257
175 89.5 89.5 0
176 89.5 89.5 0
177 89.5 89.5 0
178 89.5 59.99 32.9721
179 89.5 89.5 0
180 89.5 79.99 10.6257
181 89.5 79.99 10.6257
182 89.5 44.99 49.7318
183 89.5 89.5 0
184 89.5 89.5 0
185 89.5 89.5 0
186 89.5 89.5 0
187 89.5 89.5 0
188 89.5 89.5 0
189 89.5 89.5 0
190 89.5 89.5 0
191 89.5 74.99 16.2123
192 89.5 89.5 0
193 89.5 69.99 21.7989
194 89.5 89.5 0
195 89.5 89.5 0
196 89.5 89.5 0
197 89.5 89.5 0
198 89.5 89.5 0
199 89.5 69.99 21.7989
200 89.5 89.5 0
201 89.5 69.99 21.7989
202 89.5 29.99 66.4916
203 89.5 29.99 66.4916
204 89.5 29.99 66.4916
205 89.5 89.5 0
206 89.5 89.5 0
207 89.5 89.5 0
208 89.5 29.99 66.4916
209 89.5 29.99 66.4916
210 89.5 89.5 0
211 89.5 89.5 0
212 89.5 59.99 32.9721
213 89.5 89.5 0
214 89.5 89.5 0
215 89.5 89.5 0
216 89.5 89.5 0
217 89.5 89.5 0
218 89.5 42.99 51.9665
219 89.5 42.99 51.9665
220 89.5 89.5 0
221 89.5 89.5 0
222 89.5 79.99 10.6257
223 89.5 42.99 51.9665
224 89.5 79.99 10.6257
225 89.5 89.5 0
226 89.5 42.99 51.9665
227 89.5 74.99 16.2123
228 89.5 89.5 0
229 89.5 42.99 51.9665
230 89.5 79.99 10.6257
231 89.5 42.99 51.9665
232 89.5 74.99 16.2123
233 98.0 98.0 0
234 98.0 79.99 18.3776
235 98.0 98.0 0
236 98.0 64.99 33.6837
237 98.0 79.99 18.3776
238 98.0 79.99 18.3776
239 98.0 79.99 18.3776
240 98.0 64.99 33.6837
241 98.0 79.99 18.3776
242 98.0 64.99 33.6837
243 98.0 79.99 18.3776
244 98.5 98.5 0
245 98.5 98.5 0
246 110.0 110.0 0
247 110.0 110.0 0
248 110.0 54.99 50.0091
249 110.0 89.99 18.1909
250 110.0 54.99 50.0091
251 110.0 89.99 18.1909
252 110.0 54.99 50.0091
253 120.0 99.99 16.675
254 120.0 99.99 16.675
255 125.0 125.0 0
256 130.0 44.99 65.3923
257 130.0 130.0 0
258 130.0 130.0 0
259 130.0 130.0 0
260 130.0 130.0 0
261 130.0 130.0 0
262 140.0 140.0 0
263 140.0 119.99 14.2929
264 150.0 150.0 0
265 150.0 99.99 33.34
266 150.0 129.99 13.34
267 150.0 99.99 33.34
268 150.0 99.99 33.34
269 150.0 129.99 13.34
270 198.0 139.99 29.298
271 225.0 159.99 28.8933
272 250.0 250.0 0
