0 0.0 0.0 0 0
1 29.9 29.9 0 1
2 34.9 34.9 0 1
3 39.9 19.95 49.9875 1
4 59.9 29.9 50.0751 1
5 109.8 54.9 49.9954 2
6 119.8 59.8 50.0793 2
7 59.8 59.8 0 2
8 64.8 64.8 0 2
9 69.8 49.85 28.5776 2
10 69.8 69.8 0 2
11 74.8 54.85 26.6676 2
12 89.8 59.8 33.4039 2
13 94.8 64.8 31.6422 2
14 99.8 49.85 50.0451 2
15 104.7 84.75 19.0526 3
16 109.7 89.75 18.1843 3
17 119.7 89.7 25.0606 3
18 124.7 94.7 24.0558 3
19 129.7 79.75 38.509 3
20 129.7 99.7 23.1285 3
21 134.7 84.75 37.0797 3
22 139.7 84.8 39.2957 3
23 144.7 89.8 37.9379 3
24 149.7 89.7 40.0775 3
25 154.7 94.7 38.7822 3
26 159.7 79.75 50.0595 3
27 169.7 84.8 50.0265 3
28 94.7 94.7 0 3
29 99.7 79.75 20.008 3
30 99.7 99.7 0 3
31 129.6 129.6 0 4
32 134.6 114.65 14.8206 4
33 139.6 119.65 14.2898 4
34 154.6 124.6 19.4037 4
35 159.6 109.65 31.295 4
36 159.6 129.6 18.7958 4
37 164.6 114.65 30.3445 4
38 169.6 114.7 32.3684 4
39 169.6 119.65 29.4499 4
40 174.6 119.7 31.4415 4
41 179.6 119.6 33.4057 4
42 179.6 124.7 30.5662 4
43 184.6 124.6 32.5009 4
44 189.6 109.65 42.1655 4
45 189.6 129.6 31.6439 4
46 194.6 114.65 41.0822 4
47 199.6 114.7 42.5329 4
48 204.6 119.7 41.4936 4
49 229.6 114.7 50.0414 4
50 169.5 149.55 11.7692 5
51 189.5 159.5 15.8303 5
52 194.5 144.55 25.6799 5
53 199.5 149.55 25.0363 5
54 204.5 149.6 26.8447 5
55 209.5 154.6 26.204 5
56 214.5 154.5 27.9707 5
57 219.5 139.55 36.422 5
58 219.5 159.5 27.3336 5
59 224.5 144.55 35.6109 5
60 229.5 144.6 36.9919 5
61 229.5 149.55 34.8351 5
62 234.5 149.6 36.2031 5
63 239.5 154.6 35.4474 5
64 259.5 144.6 44.2758 5
65 264.5 149.6 43.4388 5
66 229.4 179.45 21.7732 6
67 239.4 184.5 22.9314 6
68 249.4 189.4 24.0568 6
69 254.4 174.45 31.4257 6
70 259.4 179.45 30.8199 6
71 264.4 179.5 32.1092 6
72 269.4 184.5 31.5133 6
73 289.4 174.5 39.7015 6
74 294.4 179.5 39.0272 6
75 299.4 184.5 38.3755 6
76 289.3 209.35 27.6347 7
77 299.3 214.4 28.3652 7
78 324.3 209.4 35.4291 7
79 329.3 214.4 34.8911 7
80 359.2 244.3 31.9869 8
