0.0                 0.0              0              2                      0          
49.9                49.9             0              2                      1          
149.7               149.7            0              2                      2          
59.9                59.9             0              2                      1          
109.8               109.8            0              2                      2          
209.6               209.6            0              2                      3          
179.7               179.7            0              2                      2          
229.6               229.6            0              2                      3          
329.4               329.4            0              2                      4          
79.9                79.9             0              2                      1          
129.8               129.8            0              2                      2          
229.6               229.6            0              2                      3          
139.8               139.8            0              2                      2          
189.7               189.7            0              2                      3          
289.5               289.5            0              2                      4          
259.6               259.6            0              2                      3          
309.5               309.5            0              2                      4          
409.3               409.3            0              2                      5          
239.7               239.7            0              2                      2          
289.6               289.6            0              2                      3          
389.4               389.4            0              2                      4          
299.6               299.6            0              2                      3          
349.5               349.5            0              2                      4          
449.3               449.3            0              2                      5          
419.4               419.4            0              2                      4          
469.3               469.3            0              2                      5          
569.1               569.1            0              2                      6          
59.9                59.9             0              2                      1          
109.8               109.8            0              2                      2          
209.6               209.6            0              2                      3          
119.8               119.8            0              2                      2          
169.7               169.7            0              2                      3          
269.5               269.5            0              2                      4          
239.6               239.6            0              2                      3          
289.5               289.5            0              2                      4          
389.3               389.3            0              2                      5          
139.8               139.8            0              2                      2          
189.7               189.7            0              2                      3          
289.5               289.5            0              2                      4          
199.7               199.7            0              2                      3          
249.6               249.6            0              2                      4          
349.4               349.4            0              2                      5          
319.5               319.5            0              2                      4          
369.4               369.4            0              2                      5          
469.2               469.2            0              2                      6          
299.6               299.6            0              2                      3          
349.5               349.5            0              2                      4          
449.3               449.3            0              2                      5          
359.5               359.5            0              2                      4          
409.4               409.4            0              2                      5          
509.2               509.2            0              2                      6          
479.3               479.3            0              2                      5          
529.2               529.2            0              2                      6          
629.0               629.0            0              2                      7          
217.8               178.6            0              2                      2          
267.7               228.5            0              2                      3          
367.5               328.3            0              2                      4          
277.7               238.5            0              2                      3          
327.6               288.4            0              2                      4          
427.4               388.2            0              2                      5          
397.5               358.3            0              2                      4          
447.4               408.2            0              2                      5          
547.2               508.0            0              2                      6          
297.7               258.5            0              2                      3          
347.6               308.4            0              2                      4          
447.4               408.2            0              2                      5          
357.6               318.4            0              2                      4          
407.5               368.3            0              2                      5          
507.3               468.1            0              2                      6          
477.4               438.2            0              2                      5          
527.3               488.1            0              2                      6          
627.1               587.9            0              2                      7          
457.5               418.3            0              2                      4          
507.4               468.2            0              2                      5          
607.2               568.0            0              2                      6          
517.4               478.2            0              2                      5          
567.3               528.1            0              2                      6          
667.1               627.9            0              2                      7          
637.2               598.0            0              2                      6          
687.1               647.9            0              2                      7          
786.9               747.7            0              2                      8          
