0 0.0 0.0 0 0
1 49.9 49.9 0 1
2 59.9 59.9 0 1
3 59.9 59.9 0 1
4 79.9 79.9 0 1
5 109.8 109.8 0 2
6 109.8 109.8 0 2
7 119.8 119.8 0 2
8 129.8 129.8 0 2
9 139.8 139.8 0 2
10 139.8 139.8 0 2
11 149.7 149.7 0 2
12 179.7 179.7 0 2
13 217.8 178.6 17.9973 2
14 239.7 239.7 0 2
15 169.7 169.7 0 3
16 189.7 189.7 0 3
17 189.7 189.7 0 3
18 199.7 199.7 0 3
19 209.6 209.6 0 3
20 209.6 209.6 0 3
21 229.6 229.6 0 3
22 229.6 229.6 0 3
23 239.6 239.6 0 3
24 259.6 259.6 0 3
25 267.7 228.5 14.6427 3
26 277.7 238.5 14.1154 3
27 289.6 289.6 0 3
28 297.7 258.5 13.1672 3
29 299.6 299.6 0 3
30 299.6 299.6 0 3
31 249.6 249.6 0 4
32 269.5 269.5 0 4
33 289.5 289.5 0 4
34 289.5 289.5 0 4
35 289.5 289.5 0 4
36 309.5 309.5 0 4
37 319.5 319.5 0 4
38 327.6 288.4 11.9654 4
39 329.4 329.4 0 4
40 347.6 308.4 11.277 4
41 349.5 349.5 0 4
42 349.5 349.5 0 4
43 357.6 318.4 10.9617 4
44 359.5 359.5 0 4
45 367.5 328.3 10.6664 4
46 389.4 389.4 0 4
47 397.5 358.3 9.86139 4
48 419.4 419.4 0 4
49 457.5 418.3 8.56812 4
50 349.4 349.4 0 5
51 369.4 369.4 0 5
52 389.3 389.3 0 5
53 407.5 368.3 9.6194 5
54 409.3 409.3 0 5
55 409.4 409.4 0 5
56 427.4 388.2 9.17152 5
57 447.4 408.2 8.76154 5
58 447.4 408.2 8.76154 5
59 449.3 449.3 0 5
60 449.3 449.3 0 5
61 469.3 469.3 0 5
62 477.4 438.2 8.21097 5
63 479.3 479.3 0 5
64 507.4 468.2 7.72551 5
65 517.4 478.2 7.5762 5
66 469.2 469.2 0 6
67 507.3 468.1 7.72703 6
68 509.2 509.2 0 6
69 527.3 488.1 7.43396 6
70 529.2 529.2 0 6
71 547.2 508.0 7.16361 6
72 567.3 528.1 6.9098 6
73 569.1 569.1 0 6
74 607.2 568.0 6.45576 6
75 637.2 598.0 6.15182 6
76 627.1 587.9 6.2509 7
77 629.0 629.0 0 7
78 667.1 627.9 5.87609 7
79 687.1 647.9 5.70505 7
80 786.9 747.7 4.98151 8
