0 0.0 0.0 0 0
1 64.5 49.99 22.4926 1
2 79.5 79.5 0 1
3 79.5 79.5 0 1
4 98.0 64.99 33.6802 1
5 144.0 129.49 10.0757 2
6 144.0 129.49 10.0757 2
7 159.0 159.0 0 2
8 162.5 114.98 29.2413 2
9 177.5 144.49 18.5961 2
10 177.5 144.49 18.5961 2
11 203.5 149.97 26.3034 2
12 238.5 238.5 0 2
13 238.5 238.5 0 2
14 275.5 195.97 28.8665 2
15 223.5 208.99 6.49188 3
16 242.0 194.48 19.6356 3
17 242.0 194.48 19.6356 3
18 257.0 223.99 12.8439 3
19 283.0 229.47 18.9145 3
20 283.0 229.47 18.9145 3
21 301.5 214.96 28.7022 3
22 303.0 288.49 4.78862 3
23 303.0 288.49 4.78862 3
24 318.0 318.0 0 3
25 318.0 318.0 0 3
26 336.5 303.49 9.80952 3
27 336.5 303.49 9.80952 3
28 340.0 245.96 27.658 3
29 355.0 275.47 22.4022 3
30 355.0 275.47 22.4022 3
31 321.5 273.98 14.7803 4
32 362.5 308.97 14.7665 4
33 381.0 294.46 22.7133 4
34 381.0 294.46 22.7133 4
35 382.5 367.99 3.79336 4
36 382.5 367.99 3.79336 4
37 401.0 353.48 11.8501 4
38 401.0 353.48 11.8501 4
39 416.0 382.99 7.93491 4
40 416.0 382.99 7.93491 4
41 419.5 325.46 22.4166 4
42 419.5 325.46 22.4166 4
43 434.5 354.97 18.3034 4
44 442.0 388.47 12.1106 4
45 442.0 388.47 12.1106 4
46 477.0 477.0 0 4
47 479.0 345.94 27.7781 4
48 514.0 434.47 15.4725 4
49 514.0 434.47 15.4725 4
50 460.5 373.96 18.7922 5
51 480.5 432.98 9.88949 5
52 480.5 432.98 9.88949 5
53 499.0 404.96 18.8453 5
54 521.5 467.97 10.2644 5
55 521.5 467.97 10.2644 5
56 540.0 453.46 16.0256 5
57 540.0 453.46 16.0256 5
58 541.5 526.99 2.67954 5
59 558.5 425.44 23.8241 5
60 558.5 425.44 23.8241 5
61 575.0 541.99 5.74077 5
62 578.5 484.46 16.2556 5
63 578.5 484.46 16.2556 5
64 593.5 513.97 13.3999 5
65 593.5 513.97 13.3999 5
66 619.5 532.96 13.9691 6
67 619.5 532.96 13.9691 6
68 638.0 504.94 20.8555 6
69 639.5 591.98 7.43069 6
70 658.0 563.96 14.2916 6
71 658.0 563.96 14.2916 6
72 680.5 626.97 7.86616 6
73 717.5 584.44 18.5447 6
74 717.5 584.44 18.5447 6
75 752.5 672.97 10.5686 6
76 778.5 691.96 11.1161 7
77 797.0 663.94 16.6949 7
78 797.0 663.94 16.6949 7
79 817.0 722.96 11.5103 7
80 956.0 822.94 13.9183 8
