0.0                 0.0              0              2                      0          
98.0                64.99            0              2                      1          
275.5               195.97           0              2                      2          
79.5                79.5             0              2                      1          
177.5               144.49           0              2                      2          
355.0               275.47           0              2                      3          
238.5               238.5            0              2                      2          
336.5               303.49           0              2                      3          
514.0               434.47           0              2                      4          
79.5                79.5             0              2                      1          
177.5               144.49           0              2                      2          
355.0               275.47           0              2                      3          
159.0               159.0            0              2                      2          
257.0               223.99           0              2                      3          
434.5               354.97           0              2                      4          
318.0               318.0            0              2                      3          
416.0               382.99           0              2                      4          
593.5               513.97           0              2                      5          
238.5               238.5            0              2                      2          
336.5               303.49           0              2                      3          
514.0               434.47           0              2                      4          
318.0               318.0            0              2                      3          
416.0               382.99           0              2                      4          
593.5               513.97           0              2                      5          
477.0               477.0            0              2                      4          
575.0               541.99           0              2                      5          
752.5               672.97           0              2                      6          
64.5                49.99            0              2                      1          
162.5               114.98           0              2                      2          
340.0               245.96           0              2                      3          
144.0               129.49           0              2                      2          
242.0               194.48           0              2                      3          
419.5               325.46           0              2                      4          
303.0               288.49           0              2                      3          
401.0               353.48           0              2                      4          
578.5               484.46           0              2                      5          
144.0               129.49           0              2                      2          
242.0               194.48           0              2                      3          
419.5               325.46           0              2                      4          
223.5               208.99           0              2                      3          
321.5               273.98           0              2                      4          
499.0               404.96           0              2                      5          
382.5               367.99           0              2                      4          
480.5               432.98           0              2                      5          
658.0               563.96           0              2                      6          
303.0               288.49           0              2                      3          
401.0               353.48           0              2                      4          
578.5               484.46           0              2                      5          
382.5               367.99           0              2                      4          
480.5               432.98           0              2                      5          
658.0               563.96           0              2                      6          
541.5               526.99           0              2                      5          
639.5               591.98           0              2                      6          
817.0               722.96           0              2                      7          
203.5               149.97           0              2                      2          
301.5               214.96           0              2                      3          
479.0               345.94           0              2                      4          
283.0               229.47           0              2                      3          
381.0               294.46           0              2                      4          
558.5               425.44           0              2                      5          
442.0               388.47           0              2                      4          
540.0               453.46           0              2                      5          
717.5               584.44           0              2                      6          
283.0               229.47           0              2                      3          
381.0               294.46           0              2                      4          
558.5               425.44           0              2                      5          
362.5               308.97           0              2                      4          
460.5               373.96           0              2                      5          
638.0               504.94           0              2                      6          
521.5               467.97           0              2                      5          
619.5               532.96           0              2                      6          
797.0               663.94           0              2                      7          
442.0               388.47           0              2                      4          
540.0               453.46           0              2                      5          
717.5               584.44           0              2                      6          
521.5               467.97           0              2                      5          
619.5               532.96           0              2                      6          
797.0               663.94           0              2                      7          
680.5               626.97           0              2                      6          
778.5               691.96           0              2                      7          
956.0               822.94           0              2                      8          
