0.0                 0.0              0              1                      0          
225.0               159.99           0              1                      1          
375.0               309.99           0              1                      2          
125.0               125.0            0              1                      1          
350.0               284.99           0              1                      2          
500.0               434.99           0              1                      3          
235.0               235.0            0              1                      2          
460.0               394.99           0              1                      3          
610.0               544.99           0              1                      4          
89.5                89.5             0              1                      1          
314.5               249.49           0              1                      2          
464.5               399.49           0              1                      3          
214.5               214.5            0              1                      2          
439.5               374.49           0              1                      3          
589.5               524.49           0              1                      4          
324.5               324.5            0              1                      3          
549.5               484.49           0              1                      4          
699.5               634.49           0              1                      5          
179.0               179.0            0              1                      2          
404.0               338.99           0              1                      3          
554.0               488.99           0              1                      4          
304.0               304.0            0              1                      3          
529.0               463.99           0              1                      4          
679.0               613.99           0              1                      5          
414.0               414.0            0              1                      4          
639.0               573.99           0              1                      5          
789.0               723.99           0              1                      6          
130.0               130.0            0              1                      1          
355.0               289.99           0              1                      2          
505.0               439.99           0              1                      3          
255.0               255.0            0              1                      2          
480.0               414.99           0              1                      3          
630.0               564.99           0              1                      4          
365.0               365.0            0              1                      3          
590.0               524.99           0              1                      4          
740.0               674.99           0              1                      5          
219.5               219.5            0              1                      2          
444.5               379.49           0              1                      3          
594.5               529.49           0              1                      4          
344.5               344.5            0              1                      3          
569.5               504.49           0              1                      4          
719.5               654.49           0              1                      5          
454.5               454.5            0              1                      4          
679.5               614.49           0              1                      5          
829.5               764.49           0              1                      6          
309.0               309.0            0              1                      3          
534.0               468.99           0              1                      4          
684.0               618.99           0              1                      5          
434.0               434.0            0              1                      4          
659.0               593.99           0              1                      5          
809.0               743.99           0              1                      6          
544.0               544.0            0              1                      5          
769.0               703.99           0              1                      6          
919.0               853.99           0              1                      7          
228.5               228.5            0              1                      2          
453.5               388.49           0              1                      3          
603.5               538.49           0              1                      4          
353.5               353.5            0              1                      3          
578.5               513.49           0              1                      4          
728.5               663.49           0              1                      5          
463.5               463.5            0              1                      4          
688.5               623.49           0              1                      5          
838.5               773.49           0              1                      6          
318.0               318.0            0              1                      3          
543.0               477.99           0              1                      4          
693.0               627.99           0              1                      5          
443.0               443.0            0              1                      4          
668.0               602.99           0              1                      5          
818.0               752.99           0              1                      6          
553.0               553.0            0              1                      5          
778.0               712.99           0              1                      6          
928.0               862.99           0              1                      7          
407.5               407.5            0              1                      4          
632.5               567.49           0              1                      5          
782.5               717.49           0              1                      6          
532.5               532.5            0              1                      5          
757.5               692.49           0              1                      6          
907.5               842.49           0              1                      7          
642.5               642.5            0              1                      6          
867.5               802.49           0              1                      7          
1017.5              952.49           0              1                      8          
