19.5        19.5        3         
19.5        19.5        3         
19.5        14.99       3         
24.5        24.5        3         
24.5        24.5        3         
24.5        7.99        3         
24.5        11.99       3         
24.5        9.99        3         
24.5        24.5        3         
29.5        14.99       3         
29.5        29.5        3         
32.5        24.99       3         
34.5        34.5        3         
39.5        14.99       3         
44.5        44.5        3         
44.5        44.5        3         
49.5        49.5        3         
49.5        35.99       3         
49.5        14.99       3         
49.5        49.5        3         
49.5        24.99       3         
55.0        55.0        3         
55.0        55.0        3         
55.0        34.99       3         
55.0        34.99       3         
55.0        55.0        3         
55.0        34.99       3         
59.5        59.5        3         
59.5        59.5        3         
59.5        59.5        3         
59.5        59.5        3         
59.5        59.5        3         
59.5        39.99       3         
59.5        39.99       3         
59.5        59.5        3         
59.5        59.5        3         
59.5        39.99       3         
59.5        44.99       3         
59.5        59.5        3         
59.5        44.99       3         
59.5        49.99       3         
59.5        59.5        3         
59.5        59.5        3         
59.5        59.5        3         
59.5        39.99       3         
59.5        34.99       3         
59.5        44.99       3         
59.5        59.5        3         
59.5        29.99       3         
59.5        59.5        3         
59.5        59.5        3         
59.5        34.99       3         
59.5        34.99       3         
59.5        39.99       3         
59.5        34.99       3         
59.5        34.99       3         
59.5        59.5        3         
59.5        39.99       3         
59.5        29.99       3         
59.5        49.99       3         
59.5        49.99       3         
64.5        64.5        3         
64.5        45.99       3         
64.5        49.99       3         
64.5        49.99       3         
64.5        34.99       3         
69.5        69.5        3         
69.5        69.5        3         
69.5        69.5        3         
69.5        69.5        3         
69.5        69.5        3         
69.5        49.99       3         
69.5        69.5        3         
69.5        69.5        3         
69.5        69.5        3         
69.5        49.99       3         
69.5        34.99       3         
69.5        59.99       3         
69.5        49.99       3         
69.5        45.99       3         
69.5        59.99       3         
69.5        69.5        3         
69.5        59.99       3         
69.5        69.5        3         
69.5        59.99       3         
69.5        69.5        3         
69.5        49.99       3         
69.5        49.99       3         
69.5        49.99       3         
69.5        49.99       3         
69.5        49.99       3         
69.5        49.99       3         
69.5        49.99       3         
69.5        49.99       3         
69.5        69.5        3         
69.5        69.5        3         
69.5        69.5        3         
69.5        69.5        3         
69.5        59.99       3         
69.5        69.5        3         
69.5        69.5        3         
69.5        39.99       3         
69.5        69.5        3         
69.5        69.5        3         
69.5        69.5        3         
69.5        69.5        3         
69.5        69.5        3         
69.5        69.5        3         
69.5        69.5        3         
69.5        59.99       3         
69.5        59.99       3         
69.5        32.99       3         
69.5        32.99       3         
69.5        32.99       3         
69.5        32.99       3         
69.5        69.5        3         
69.5        34.99       3         
79.5        79.5        3         
79.5        79.5        3         
79.5        79.5        3         
79.5        79.5        3         
79.5        79.5        3         
79.5        39.99       3         
79.5        69.99       3         
79.5        79.5        3         
79.5        79.5        3         
79.5        79.5        3         
79.5        79.5        3         
79.5        79.5        3         
79.5        79.5        3         
79.5        79.5        3         
79.5        79.5        3         
79.5        79.5        3         
79.5        69.99       3         
79.5        65.99       3         
79.5        79.5        3         
79.5        69.99       3         
79.5        79.5        3         
79.5        79.5        3         
79.5        69.99       3         
79.5        69.99       3         
79.5        69.99       3         
79.5        79.5        3         
79.5        79.5        3         
79.5        79.5        3         
79.5        79.5        3         
79.5        79.5        3         
79.5        79.5        3         
79.5        79.5        3         
79.5        79.5        3         
79.5        79.5        3         
79.5        44.99       3         
79.5        79.5        3         
79.5        79.5        3         
79.5        79.5        3         
79.5        44.99       3         
79.5        64.99       3         
79.5        39.99       3         
89.5        89.5        3         
89.5        89.5        3         
89.5        29.99       3         
89.5        69.99       3         
89.5        89.5        3         
89.5        74.99       3         
89.5        89.5        3         
89.5        89.5        3         
89.5        79.99       3         
89.5        69.99       3         
89.5        89.5        3         
89.5        89.5        3         
89.5        89.5        3         
89.5        89.5        3         
89.5        89.5        3         
89.5        89.5        3         
89.5        79.99       3         
89.5        89.5        3         
89.5        89.5        3         
89.5        89.5        3         
89.5        59.99       3         
89.5        89.5        3         
89.5        79.99       3         
89.5        79.99       3         
89.5        44.99       3         
89.5        89.5        3         
89.5        89.5        3         
89.5        89.5        3         
89.5        89.5        3         
89.5        89.5        3         
89.5        89.5        3         
89.5        89.5        3         
89.5        89.5        3         
89.5        74.99       3         
89.5        89.5        3         
89.5        69.99       3         
89.5        89.5        3         
89.5        89.5        3         
89.5        89.5        3         
89.5        89.5        3         
89.5        89.5        3         
89.5        69.99       3         
89.5        89.5        3         
89.5        69.99       3         
89.5        29.99       3         
89.5        29.99       3         
89.5        29.99       3         
89.5        89.5        3         
89.5        89.5        3         
89.5        89.5        3         
89.5        29.99       3         
89.5        29.99       3         
89.5        89.5        3         
89.5        89.5        3         
89.5        59.99       3         
89.5        89.5        3         
89.5        89.5        3         
89.5        89.5        3         
89.5        89.5        3         
89.5        89.5        3         
89.5        42.99       3         
89.5        42.99       3         
89.5        89.5        3         
89.5        89.5        3         
89.5        79.99       3         
89.5        42.99       3         
89.5        79.99       3         
89.5        89.5        3         
89.5        42.99       3         
89.5        74.99       3         
89.5        89.5        3         
89.5        42.99       3         
89.5        79.99       3         
89.5        42.99       3         
89.5        74.99       3         
98.0        98.0        3         
98.0        79.99       3         
98.0        98.0        3         
98.0        64.99       3         
98.0        79.99       3         
98.0        79.99       3         
98.0        79.99       3         
98.0        64.99       3         
98.0        79.99       3         
98.0        64.99       3         
98.0        79.99       3         
98.5        98.5        3         
98.5        98.5        3         
110.0       110.0       3         
110.0       110.0       3         
110.0       54.99       3         
110.0       89.99       3         
110.0       54.99       3         
110.0       89.99       3         
110.0       54.99       3         
120.0       99.99       3         
120.0       99.99       3         
125.0       125.0       3         
130.0       44.99       3         
130.0       130.0       3         
130.0       130.0       3         
130.0       130.0       3         
130.0       130.0       3         
130.0       130.0       3         
140.0       140.0       3         
140.0       119.99      3         
150.0       150.0       3         
150.0       99.99       3         
150.0       129.99      3         
150.0       99.99       3         
150.0       99.99       3         
150.0       129.99      3         
198.0       139.99      3         
225.0       159.99      3         
250.0       250.0       3         
